t 10,45 null null false  0 FULL ROCK
t 10,30 null 10,47 false 1 TOP ROCK BORDER
t 9,27 null 14,41 false 2 BOTTOM BORDER
t 10,30 null 13,43 false 3 LEFT BORDER
t 9,27 null 14,43 false 4 RIGHT BORDER
t 9,27 null 15,44 false 5 Top-left corner
t 9,27 null 13,44 false 6 Top-right corner
t 9,27 null 15,42 false 7 bottom-left corner
t 9,27 null 13,42 false 8 bottom-right corner
t 10,30 null null true   9 grass
t 10,30 0,1 null true  10 accent grass
t 10,30 null 4,9 true 11 tree 0,0
t 10,30 null 5,9 false 12 tree 1,0
t 10,30 null 6,9 false 13 tree 2,0
t 10,30 null 7,9 false 14 tree 3,0
t 10,30 null 4,10 false 15 tree 0,1
t 10,30 null 5,10 false 16 tree 1,1
t 10,30 null 6,10 false 17 tree 2,1
t 10,30 null 7,10 false 18 tree 3,1
t 10,30 null 4,11 false 19 tree 0,2
t 10,30 null 5,11 false 20 tree 1,2
t 10,30 null 6,11 false 21 tree 2,2
t 10,30 null 7,11 false 22 tree 3,2
t 10,30 null 4,12 false 23 tree 0,3
t 10,30 null 5,12 false 24 tree 1,3
t 10,30 null 6,12 false 25 tree 2,3
t 10,30 null 7,12 false 26 tree 3,3
t 10,30 null 4,13 false 27 tree 0,4
t 10,30 null 5,13 false 28 tree 1,4
t 10,30 null 6,13 false 29 tree 2,4
t 10,30 null 7,13 false 30 tree 3,4
0-0  11 12 13 14 11 12 13 14 11 12 13 14 9 9 9 9 11 12 13 14 11 12 13 14 11 12 13 14 11 12 13 14 11 12 13 14 11 12 13 14 11 12 13 14 11 12 13 14 11 12 13 14 11 12 13 14 11 12 13 14 11 12 13 14 0
0-1  15 16 17 18 15 16 17 18 15 16 17 18 9 9 9 9 15 16 17 18 15 16 17 18 15 16 17 18 15 16 17 18 15 16 17 18 15 16 17 18 15 16 17 18 15 16 17 18 15 16 17 18 15 16 17 18 15 16 17 18 15 16 17 18 0
0-2  19 20 21 22 19 20 21 22 19 20 21 22 9 9 9 9 19 20 21 22 19 20 21 22 19 20 21 22 19 20 21 22 19 20 21 22 19 20 21 22 19 20 21 22 19 20 21 22 19 20 21 22 19 20 21 22 19 20 21 22 19 20 21 22 0
0-3  23 24 25 26 23 24 25 26 23 24 25 26 9 9 9 9 23 24 25 26 23 24 25 26 23 24 25 26 23 24 25 26 23 24 25 26 23 24 25 26 23 24 25 26 23 24 25 26 23 24 25 26 23 24 25 26 23 24 25 26 23 24 25 26 0
0-4  27 28 29 30 27 28 29 30 27 28 29 30 9 9 9 9 27 28 29 30 27 28 29 30 27 28 29 30 27 28 29 30 27 28 29 30 27 28 29 30 27 28 29 30 27 28 29 30 27 28 29 30 27 28 29 30 27 28 29 30 27 28 29 30 0
0-5  11 12 13 14 11 12 13 14 11 12 13 14 9 9 9 9 11 12 13 14 11 12 13 14 11 12 13 14 11 12 13 14 11 12 13 14 11 12 13 14 11 12 13 14 11 12 13 14 11 12 13 14 11 12 13 14 11 12 13 14 11 12 13 14 0
0-6  15 16 17 18 15 16 17 18 15 16 17 18 9 9 9 9 15 16 17 18 15 16 17 18 15 16 17 18 15 16 17 18 15 16 17 18 15 16 17 18 15 16 17 18 15 16 17 18 15 16 17 18 15 16 17 18 15 16 17 18 15 16 17 18 0
0-7  19 20 21 22 19 20 21 22 19 20 21 22 9 9 9 9 19 20 21 22 19 20 21 22 19 20 21 22 19 20 21 22 19 20 21 22 19 20 21 22 19 20 21 22 19 20 21 22 19 20 21 22 19 20 21 22 19 20 21 22 19 20 21 22 0
0-8  23 24 25 26 23 24 25 26 23 24 25 26 9 9 9 9 23 24 25 26 23 24 25 26 23 24 25 26 23 24 25 26 23 24 25 26 23 24 25 26 23 24 25 26 23 24 25 26 23 24 25 26 23 24 25 26 23 24 25 26 23 24 25 26 0
0-9  27 28 29 30 27 28 29 30 27 28 29 30 9 9 9 9 27 28 29 30 27 28 29 30 27 28 29 30 27 28 29 30 27 28 29 30 27 28 29 30 27 28 29 30 27 28 29 30 27 28 29 30 27 28 29 30 27 28 29 30 27 28 29 30 0
0-10  11 12 13 14 11 12 13 14 11 12 13 14 9 9 9 9 11 12 13 14 11 12 13 14 11 12 13 14 11 12 13 14 11 12 13 14 11 12 13 14 11 12 13 14 11 12 13 14 11 12 13 14 11 12 13 14 11 12 13 14 11 12 13 14 0
0-11  15 16 17 18 15 16 17 18 15 16 17 18 9 9 9 9 15 16 17 18 15 16 17 18 15 16 17 18 15 16 17 18 15 16 17 18 15 16 17 18 15 16 17 18 15 16 17 18 15 16 17 18 15 16 17 18 15 16 17 18 15 16 17 18 0
0-12  19 20 21 22 19 20 21 22 19 20 21 22 9 9 9 9 19 20 21 22 19 20 21 22 19 20 21 22 19 20 21 22 19 20 21 22 19 20 21 22 19 20 21 22 19 20 21 22 19 20 21 22 19 20 21 22 19 20 21 22 19 20 21 22 0
0-13  23 24 25 26 23 24 25 26 23 24 25 26 9 9 9 9 23 24 25 26 23 24 25 26 23 24 25 26 23 24 25 26 23 24 25 26 23 24 25 26 23 24 25 26 23 24 25 26 23 24 25 26 23 24 25 26 23 24 25 26 23 24 25 26 0
0-14  27 28 29 30 27 28 29 30 27 28 29 30 9 9 9 9 27 28 29 30 27 28 29 30 27 28 29 30 27 28 29 30 27 28 29 30 27 28 29 30 27 28 29 30 27 28 29 30 27 28 29 30 27 28 29 30 27 28 29 30 27 28 29 30 0
0-15  11 12 13 14 11 12 13 14 9 9 9 9 9 9 9 9 9 9 9 9 9 9 9 9 9 9 11 12 13 14 11 12 13 14 11 12 13 14 11 12 13 14 11 12 13 14 11 12 13 14 11 12 13 14 11 12 13 14 0
0-16  15 16 17 18 15 16 17 18 9 9 9 9 9 9 9 9 9 9 9 9 9 9 9 9 9 9 15 16 17 18 15 16 17 18 15 16 17 18 15 16 17 18 15 16 17 18 15 16 17 18 15 16 17 18 15 16 17 18 0
0-17  19 20 21 22 19 20 21 22 9 9 9 9 9 9 9 9 9 9 9 9 9 9 9 9 9 9 19 20 21 22 19 20 21 22 19 20 21 22 19 20 21 22 19 20 21 22 19 20 21 22 19 20 21 22 19 20 21 22 0
0-18  23 24 25 26 23 24 25 26 9 9 9 9 9 9 9 9 9 9 9 9 9 9 9 9 9 9 23 24 25 26 23 24 25 26 23 24 25 26 23 24 25 26 23 24 25 26 23 24 25 26 23 24 25 26 23 24 25 26 0
0-19  27 28 29 30 27 28 29 30 9 9 9 9 9 9 9 9 9 9 9 9 9 9 9 9 9 9 27 28 29 30 27 28 29 30 27 28 29 30 27 28 29 30 27 28 29 30 27 28 29 30 27 28 29 30 27 28 29 30 0
0-20  11 12 13 14 11 12 13 14 11 12 13 14 11 12 13 14 11 12 13 14 11 12 13 14 11 12 13 14 11 12 13 14 11 12 13 14 11 12 13 14 11 12 13 14 11 12 13 14 11 12 13 14 11 12 13 14 11 12 13 14 11 12 13 14 0
0-21  15 16 17 18 15 16 17 18 15 16 17 18 15 16 17 18 15 16 17 18 15 16 17 18 15 16 17 18 15 16 17 18 15 16 17 18 15 16 17 18 15 16 17 18 15 16 17 18 15 16 17 18 15 16 17 18 15 16 17 18 15 16 17 18 0
0-22  19 20 21 22 19 20 21 22 19 20 21 22 19 20 21 22 19 20 21 22 19 20 21 22 19 20 21 22 19 20 21 22 19 20 21 22 19 20 21 22 19 20 21 22 19 20 21 22 19 20 21 22 19 20 21 22 19 20 21 22 19 20 21 22 0
0-23  23 24 25 26 23 24 25 26 23 24 25 26 23 24 25 26 23 24 25 26 23 24 25 26 23 24 25 26 23 24 25 26 23 24 25 26 23 24 25 26 23 24 25 26 23 24 25 26 23 24 25 26 23 24 25 26 23 24 25 26 23 24 25 26 0
0-24  27 28 29 30 27 28 29 30 27 28 29 30 27 28 29 30 27 28 29 30 27 28 29 30 27 28 29 30 27 28 29 30 27 28 29 30 27 28 29 30 27 28 29 30 27 28 29 30 27 28 29 30 27 28 29 30 27 28 29 30 27 28 29 30 0
0-25  11 12 13 14 11 12 13 14 11 12 13 14 11 12 13 14 11 12 13 14 11 12 13 14 11 12 13 14 11 12 13 14 11 12 13 14 11 12 13 14 11 12 13 14 11 12 13 14 11 12 13 14 11 12 13 14 11 12 13 14 11 12 13 14 0
0-26  15 16 17 18 15 16 17 18 15 16 17 18 15 16 17 18 15 16 17 18 15 16 17 18 15 16 17 18 15 16 17 18 15 16 17 18 15 16 17 18 15 16 17 18 15 16 17 18 15 16 17 18 15 16 17 18 15 16 17 18 15 16 17 18 0
0-27  19 20 21 22 19 20 21 22 19 20 21 22 19 20 21 22 19 20 21 22 19 20 21 22 19 20 21 22 19 20 21 22 19 20 21 22 19 20 21 22 19 20 21 22 19 20 21 22 19 20 21 22 19 20 21 22 19 20 21 22 19 20 21 22 0
0-28  23 24 25 26 23 24 25 26 23 24 25 26 23 24 25 26 23 24 25 26 23 24 25 26 23 24 25 26 23 24 25 26 23 24 25 26 23 24 25 26 23 24 25 26 23 24 25 26 23 24 25 26 23 24 25 26 23 24 25 26 23 24 25 26 0
0-29  27 28 29 30 27 28 29 30 27 28 29 30 27 28 29 30 27 28 29 30 27 28 29 30 27 28 29 30 27 28 29 30 27 28 29 30 27 28 29 30 27 28 29 30 27 28 29 30 27 28 29 30 27 28 29 30 27 28 29 30 27 28 29 30 0
0-30  11 12 13 14 11 12 13 14 11 12 13 14 11 12 13 14 11 12 13 14 11 12 13 14 11 12 13 14 11 12 13 14 11 12 13 14 11 12 13 14 11 12 13 14 11 12 13 14 11 12 13 14 11 12 13 14 11 12 13 14 11 12 13 14 0
0-31  15 16 17 18 15 16 17 18 15 16 17 18 15 16 17 18 15 16 17 18 15 16 17 18 15 16 17 18 15 16 17 18 15 16 17 18 15 16 17 18 15 16 17 18 15 16 17 18 15 16 17 18 15 16 17 18 15 16 17 18 15 16 17 18 0
md 1 0
ms 2 0 0