t 10,45 null null false  0 FULL ROCK
t 10,30 null 10,47 false 1 TOP ROCK BORDER
t 9,27 null 14,41 false 2 BOTTOM BORDER
t 10,30 null 13,43 false 3 LEFT BORDER
t 9,27 null 14,43 false 4 RIGHT BORDER
t 9,27 null 15,44 false 5 Top-left corner
t 9,27 null 13,44 false 6 Top-right corner
t 9,27 null 15,42 false 7 bottom-left corner
t 9,27 null 13,42 false 8 bottom-right corner
t 10,30 null null true   9 grass
t 10,30 0,1 null true  10 accent grass
t 10,30 null 4,9 true 11 tree 0,0
t 10,30 null 5,9 false 12 tree 1,0
t 10,30 null 6,9 false 13 tree 2,0
t 10,30 null 7,9 false 14 tree 3,0
t 10,30 null 4,10 false 15 tree 0,1
t 10,30 null 5,10 false 16 tree 1,1
t 10,30 null 6,10 false 17 tree 2,1
t 10,30 null 7,10 false 18 tree 3,1
t 10,30 null 4,11 false 19 tree 0,2
t 10,30 null 5,11 false 20 tree 1,2
t 10,30 null 6,11 false 21 tree 2,2
t 10,30 null 7,11 false 22 tree 3,2
t 10,30 null 4,12 false 23 tree 0,3
t 10,30 null 5,12 false 24 tree 1,3
t 10,30 null 6,12 false 25 tree 2,3
t 10,30 null 7,12 false 26 tree 3,3
t 10,30 null 4,13 false 27 tree 0,4
t 10,30 null 5,13 false 28 tree 1,4
t 10,30 null 6,13 false 29 tree 2,4
t 10,30 null 7,13 false 30 tree 3,4
t 9,50 null null false 31 cave
t 10,50 null null false 32 cave
t 11,50 null null false 33 cave
t 9,51 null null false 34 cave
t 10,51 null null false 35 cave
t 11,51 null null false 36 cave
0-0  11 12 13 14 11 12 13 14 11 12 13 14 11 12 13 14 11 12 13 14 11 12 13 14 11 12 13 14 11 12 13 14 11 12 13 14 11 12 13 14 11 12 13 14 11 12 13 14 11 12 13 14 11 12 13 14 11 12 13 14 11 12 13 14 0
0-1  15 16 17 18 15 16 17 18 15 16 17 18 15 16 17 18 15 16 17 18 15 16 17 18 15 16 17 18 15 16 17 18 15 16 17 18 15 16 17 18 15 16 17 18 15 16 17 18 15 16 17 18 15 16 17 18 15 16 17 18 15 16 17 18 0
0-2  19 20 21 22 19 20 21 22 19 20 21 22 19 20 21 22 19 20 21 22 19 20 21 22 19 20 21 22 19 20 21 22 19 20 21 22 19 20 21 22 19 20 21 22 19 20 21 22 19 20 21 22 19 20 21 22 19 20 21 22 19 20 21 22 0
0-3  23 24 25 26 23 24 25 26 23 24 25 26 23 24 25 26 23 24 25 26 23 24 25 26 23 24 25 26 23 24 25 26 23 24 25 26 23 24 25 26 23 24 25 26 23 24 25 26 23 24 25 26 23 24 25 26 23 24 25 26 23 24 25 26 0
0-4  27 28 29 30 27 28 29 30 27 28 29 30 27 28 29 30 27 28 29 30 27 28 29 30 27 28 29 30 27 28 29 30 27 28 29 30 27 28 29 30 27 28 29 30 27 28 29 30 27 28 29 30 27 28 29 30 27 28 29 30 27 28 29 30 0
0-5  11 12 13 14 11 12 13 14 11 12 13 14 11 12 13 14 11 12 13 14 11 12 13 14 11 12 13 14 11 12 13 14 11 12 13 14 11 12 13 14 11 12 13 14 11 12 13 14 11 12 13 14 11 12 13 14 11 12 13 14 11 12 13 14 0
0-6  15 16 17 18 15 16 17 18 15 16 17 18 15 16 17 18 15 16 17 18 15 16 17 18 15 16 17 18 15 16 17 18 15 16 17 18 15 16 17 18 15 16 17 18 15 16 17 18 15 16 17 18 15 16 17 18 15 16 17 18 15 16 17 18 0
0-7  19 20 21 22 19 20 21 22 19 20 21 22 19 20 21 22 19 20 21 22 19 20 21 22 19 20 21 22 19 20 21 22 19 20 21 22 19 20 21 22 19 20 21 22 19 20 21 22 19 20 21 22 19 20 21 22 19 20 21 22 19 20 21 22 0
0-8  23 24 25 26 23 24 25 26 23 24 25 26 23 24 25 26 23 24 25 26 23 24 25 26 23 24 25 26 23 24 25 26 23 24 25 26 23 24 25 26 23 24 25 26 23 24 25 26 23 24 25 26 23 24 25 26 23 24 25 26 23 24 25 26 0
0-9  27 28 29 30 27 28 29 30 27 28 29 30 27 28 29 30 27 28 29 30 27 28 29 30 27 28 29 30 27 28 29 30 27 28 29 30 27 28 29 30 27 28 29 30 27 28 29 30 27 28 29 30 27 28 29 30 27 28 29 30 27 28 29 30 0
0-10  11 12 13 14 11 12 13 14 11 12 13 14 11 12 13 14 11 12 13 14 11 12 13 14 11 12 13 14 11 12 13 14 11 12 13 14 11 12 13 14 11 12 13 14 11 12 13 14 11 12 13 14 11 12 13 14 11 12 13 14 11 12 13 14 0
0-11  15 16 17 18 15 16 17 18 15 16 17 18 15 16 17 18 15 16 17 18 15 16 17 18 15 16 17 18 15 16 17 18 15 16 17 18 15 16 17 18 15 16 17 18 15 16 17 18 15 16 17 18 15 16 17 18 15 16 17 18 15 16 17 18 0
0-12  19 20 21 22 19 20 21 22 19 20 21 22 19 20 21 22 19 20 21 22 19 20 21 22 19 20 21 22 19 20 21 22 19 20 21 22 19 20 21 22 19 20 21 22 19 20 21 22 19 20 21 22 19 20 21 22 19 20 21 22 19 20 21 22 0
0-13  23 24 25 26 23 24 25 26 23 24 25 26 23 24 25 26 23 24 25 26 23 24 25 26 23 24 25 26 23 24 25 26 23 24 25 26 23 24 25 26 23 24 25 26 23 24 25 26 23 24 25 26 23 24 25 26 23 24 25 26 23 24 25 26 0
0-14  27 28 29 30 27 28 29 30 27 28 29 30 27 28 29 30 27 28 29 30 27 28 29 30 27 28 29 30 27 28 29 30 27 28 29 30 27 28 29 30 27 28 29 30 27 28 29 30 27 28 29 30 27 28 29 30 27 28 29 30 27 28 29 30 0
0-15  9 9 9 9 9 9 9 9 9 9 9 9 9 9 9 9 9 9 9 9 9 9 9 9 9 9 9 9 9 9 9 9 11 12 13 14 11 12 13 14 11 12 13 14 11 12 13 14 11 12 13 14 11 12 13 14 11 12 13 14 11 12 13 14 0
0-16  9 9 9 9 9 9 9 9 9 9 9 9 9 9 9 9 9 9 9 9 9 9 9 9 9 9 9 9 9 9 9 9 15 16 17 18 15 16 17 18 15 16 17 18 15 16 17 18 15 16 17 18 15 16 17 18 15 16 17 18 15 16 17 18 0
0-17  9 9 9 9 9 9 9 9 9 9 9 9 9 9 9 9 9 9 9 9 9 9 9 9 9 9 9 9 9 9 9 9 19 20 21 22 19 20 21 22 19 20 21 22 19 20 21 22 19 20 21 22 19 20 21 22 19 20 21 22 19 20 21 22 0
0-18  9 9 9 9 9 9 9 9 9 9 9 9 9 9 9 9 9 9 9 9 9 9 9 9 9 9 9 9 9 9 9 9 23 24 25 26 23 24 25 26 23 24 25 26 23 24 25 26 23 24 25 26 23 24 25 26 23 24 25 26 23 24 25 26 0
0-19  9 9 9 9 9 9 9 9 9 9 9 9 9 9 9 9 9 9 9 9 9 9 9 9 9 9 9 9 9 9 9 9 9 9 9 9 9 9 9 9 9 9 9 9 9 9 9 9 9 9 9 9 9 9 9 9 9 9 9 9 9 9 9 9 9 9
0-20  9 9 9 9 9 9 9 9 9 9 9 9 9 9 9 9 9 9 9 9 9 9 9 9 9 9 9 9 9 9 9 9 9 9 9 9 9 9 9 9 9 9 9 9 9 9 9 9 9 9 9 9 9 9 9 9 9 9 9 9 9 9 9 9 9 9
0-21  9 9 9 9 9 9 9 9 9 9 9 9 9 9 9 9 9 9 9 9 9 9 9 9 9 9 9 9 9 9 9 9 9 9 9 9 9 9 9 9 9 9 9 9 9 9 9 9 9 9 9 9 9 9 9 9 9 9 9 9 9 9 9 9 9 9
0-22  9 9 9 9 9 9 9 9 9 9 9 9 9 9 9 9 9 9 9 9 9 9 9 9 9 9 9 9 9 9 9 9 9 9 9 9 9 9 9 9 9 9 9 9 9 9 9 9 9 9 9 9 9 9 9 9 9 9 9 9 9 9 9 9 9 9
0-23  9 9 9 9 9 9 9 9 9 9 9 9 9 9 9 9 9 9 9 9 9 9 9 9 9 9 9 9 9 9 9 9 9 9 9 9 9 9 9 9 9 9 9 9 9 9 9 9 9 9 9 9 9 9 9 9 9 9 9 9 9 9 9 9 9 9
0-24  9 9 9 9 9 9 9 9 9 9 9 9 9 9 9 9 9 9 9 9 9 9 9 9 9 9 9 9 9 9 9 9 9 9 9 9 9 9 9 9 9 9 9 9 9 9 9 9 9 9 9 9 9 9 9 9 9 9 9 9 9 9 9 9 9 9
0-25  11 12 13 14 11 12 13 14 11 12 13 14 11 12 13 14 11 12 13 14 11 12 13 14 11 12 13 14 11 12 13 14 11 12 13 14 11 12 13 14 11 12 13 14 11 12 13 14 11 12 13 14 11 12 13 14 0
0-26  15 16 17 18 15 16 17 18 15 16 17 18 15 16 17 18 15 16 17 18 15 16 17 18 15 16 17 18 15 16 17 18 15 16 17 18 15 16 17 18 15 16 17 18 15 16 17 18 15 16 17 18 15 16 17 18 15 16 17 18 15 16 17 18 15 16 17 18 0
0-27  19 20 21 22 19 20 21 22 19 20 21 22 19 20 21 22 19 20 21 22 19 20 21 22 19 20 21 22 19 20 21 22 19 20 21 22 19 20 21 22 19 20 21 22 19 20 21 22 19 20 21 22 19 20 21 22 19 20 21 22 19 20 21 22 0
0-28  23 24 25 26 23 24 25 26 23 24 25 26 23 24 25 26 23 24 25 26 23 24 25 26 23 24 25 26 23 24 25 26 23 24 25 26 23 24 25 26 23 24 25 26 23 24 25 26 23 24 25 26 23 24 25 26 23 24 25 26 23 24 25 26 0
0-29  27 28 29 30 27 28 29 30 27 28 29 30 27 28 29 30 27 28 29 30 27 28 29 30 27 28 29 30 27 28 29 30 27 28 29 30 27 28 29 30 27 28 29 30 27 28 29 30 27 28 29 30 27 28 29 30 27 28 29 30 27 28 29 30 0
0-30  0 0 0 0 0 0 0 0 0 0 0 0 0 0 0 0 0 0 0 0 0 0 0 0 0 0 0 0 0 0 0 0 11 12 13 14 11 12 13 14 11 12 13 14 11 12 13 14 11 12 13 14 11 12 13 14 11 12 13 14 11 12 13 14 0
0-31  0 0 0 0 0 0 0 0 0 0 0 0 0 0 0 0 0 0 0 0 0 0 0 0 0 0 0 0 0 0 0 0 0 0 0 0 15 16 17 18 15 16 17 18 15 16 17 18 15 16 17 18 15 16 17 18 15 16 17 18 15 16 17 18 15 16 17 18 0
1-0  11 12 13 14 11 12 13 14 11 12 13 14 9 9 9 9 11 12 13 14 11 12 13 14 11 12 13 14 11 12 13 14 11 12 13 14 11 12 13 14 11 12 13 14 11 12 13 14 11 12 13 14 11 12 13 14 11 12 13 14 11 12 13 14 0
1-1  15 16 17 18 15 16 17 18 15 16 17 18 9 9 9 9 15 16 17 18 15 16 17 18 15 16 17 18 15 16 17 18 15 16 17 18 15 16 17 18 15 16 17 18 15 16 17 18 15 16 17 18 15 16 17 18 15 16 17 18 15 16 17 18 0
1-2  19 20 21 22 19 20 21 22 19 20 21 22 9 9 9 9 19 20 21 22 19 20 21 22 19 20 21 22 19 20 21 22 19 20 21 22 19 20 21 22 19 20 21 22 19 20 21 22 19 20 21 22 19 20 21 22 19 20 21 22 19 20 21 22 0
1-3  23 24 25 26 23 24 25 26 23 24 25 26 9 9 9 9 23 24 25 26 23 24 25 26 23 24 25 26 23 24 25 26 23 24 25 26 23 24 25 26 23 24 25 26 23 24 25 26 23 24 25 26 23 24 25 26 23 24 25 26 23 24 25 26 0
1-4  27 28 29 30 27 28 29 30 27 28 29 30 9 9 9 9 27 28 29 30 27 28 29 30 27 28 29 30 27 28 29 30 27 28 29 30 27 28 29 30 27 28 29 30 27 28 29 30 27 28 29 30 27 28 29 30 27 28 29 30 27 28 29 30 0
1-5  11 12 13 14 11 12 13 14 11 12 13 14 9 9 9 9 11 12 13 14 11 12 13 14 11 12 13 14 11 12 13 14 11 12 13 14 11 12 13 14 11 12 13 14 11 12 13 14 11 12 13 14 11 12 13 14 11 12 13 14 11 12 13 14 0
1-6  15 16 17 18 15 16 17 18 15 16 17 18 9 9 9 9 15 16 17 18 15 16 17 18 15 16 17 18 15 16 17 18 15 16 17 18 15 16 17 18 15 16 17 18 15 16 17 18 15 16 17 18 15 16 17 18 15 16 17 18 15 16 17 18 0
1-7  19 20 21 22 19 20 21 22 19 20 21 22 9 9 9 9 19 20 21 22 19 20 21 22 19 20 21 22 19 20 21 22 19 20 21 22 19 20 21 22 19 20 21 22 19 20 21 22 19 20 21 22 19 20 21 22 19 20 21 22 19 20 21 22 0
1-8  23 24 25 26 23 24 25 26 23 24 25 26 9 9 9 9 23 24 25 26 23 24 25 26 23 24 25 26 23 24 25 26 23 24 25 26 23 24 25 26 23 24 25 26 23 24 25 26 23 24 25 26 23 24 25 26 23 24 25 26 23 24 25 26 0
1-9  27 28 29 30 27 28 29 30 27 28 29 30 9 9 9 9 27 28 29 30 27 28 29 30 27 28 29 30 27 28 29 30 27 28 29 30 27 28 29 30 27 28 29 30 27 28 29 30 27 28 29 30 27 28 29 30 27 28 29 30 27 28 29 30 0
1-10  11 12 13 14 11 12 13 14 11 12 13 14 9 9 9 9 11 12 13 14 11 12 13 14 11 12 13 14 11 12 13 14 11 12 13 14 11 12 13 14 11 12 13 14 11 12 13 14 11 12 13 14 11 12 13 14 11 12 13 14 11 12 13 14 0
1-11  15 16 17 18 15 16 17 18 15 16 17 18 9 9 9 9 15 16 17 18 15 16 17 18 15 16 17 18 15 16 17 18 15 16 17 18 15 16 17 18 15 16 17 18 15 16 17 18 15 16 17 18 15 16 17 18 15 16 17 18 15 16 17 18 0
1-12  19 20 21 22 19 20 21 22 19 20 21 22 9 9 9 9 19 20 21 22 19 20 21 22 19 20 21 22 19 20 21 22 19 20 21 22 19 20 21 22 19 20 21 22 19 20 21 22 19 20 21 22 19 20 21 22 19 20 21 22 19 20 21 22 0
1-13  23 24 25 26 23 24 25 26 23 24 25 26 9 9 9 9 23 24 25 26 23 24 25 26 23 24 25 26 23 24 25 26 23 24 25 26 23 24 25 26 23 24 25 26 23 24 25 26 23 24 25 26 23 24 25 26 23 24 25 26 23 24 25 26 0
1-14  27 28 29 30 27 28 29 30 27 28 29 30 9 9 9 9 27 28 29 30 27 28 29 30 27 28 29 30 27 28 29 30 27 28 29 30 27 28 29 30 27 28 29 30 27 28 29 30 27 28 29 30 27 28 29 30 27 28 29 30 27 28 29 30 0
1-15  9 9 9 9 9 9 9 9 9 9 9 9 9 9 9 9 9 9 9 9 9 9 9 9 9 9 11 12 13 14 11 12 13 14 11 12 13 14 11 12 13 14 11 12 13 14 11 12 13 14 11 12 13 14 11 12 13 14 0
1-16  9 9 9 9 9 9 9 9 9 9 9 9 9 9 9 9 9 9 9 9 9 9 9 9 9 9 15 16 17 18 15 16 17 18 15 16 17 18 15 16 17 18 15 16 17 18 15 16 17 18 15 16 17 18 15 16 17 18 0
1-17  9 9 9 9 9 9 9 9 9 9 9 9 9 9 9 9 9 9 9 9 9 9 9 9 9 9 19 20 21 22 19 20 21 22 19 20 21 22 19 20 21 22 19 20 21 22 19 20 21 22 19 20 21 22 19 20 21 22 0
1-18  9 9 9 9 9 9 9 9 9 9 9 9 9 9 9 9 9 9 9 9 9 9 9 9 9 9 23 24 25 26 23 24 25 26 23 24 25 26 23 24 25 26 23 24 25 26 23 24 25 26 23 24 25 26 23 24 25 26 0
1-19  9 9 9 9 9 9 9 9 9 9 9 9 9 9 9 9 9 9 9 9 9 9 9 9 9 9 27 28 29 30 27 28 29 30 27 28 29 30 27 28 29 30 27 28 29 30 27 28 29 30 27 28 29 30 27 28 29 30 0
1-20  11 12 13 14 11 12 13 14 11 12 13 14 9 9 9 9 9 9 9 9 9 9 9 9 9 9 9 9 11 12 13 14 11 12 13 14 11 12 13 14 11 12 13 14 11 12 13 14 11 12 13 14 11 12 13 14 11 12 13 14 11 12 13 14 0
1-21  15 16 17 18 15 16 17 18 15 16 17 18 9 9 9 9 9 9 9 9 9 9 9 9 15 16 17 18 15 16 17 18 15 16 17 18 15 16 17 18 15 16 17 18 15 16 17 18 15 16 17 18 15 16 17 18 15 16 17 18 15 16 17 18 0
1-22  19 20 21 22 19 20 21 22 19 20 21 22 9 9 9 9 9 9 9 9 9 9 9 9 19 20 21 22 19 20 21 22 19 20 21 22 19 20 21 22 19 20 21 22 19 20 21 22 19 20 21 22 19 20 21 22 19 20 21 22 19 20 21 22 0
1-23  23 24 25 26 23 24 25 26 23 24 25 26 9 9 9 9 9 9 9 9 9 9 9 9 23 24 25 26 23 24 25 26 23 24 25 26 23 24 25 26 23 24 25 26 23 24 25 26 23 24 25 26 23 24 25 26 23 24 25 26 23 24 25 26 0
1-24  27 28 29 30 27 28 29 30 27 28 29 30 9 9 9 9 9 9 9 9 9 9 9 9 27 28 29 30 27 28 29 30 27 28 29 30 27 28 29 30 27 28 29 30 27 28 29 30 27 28 29 30 27 28 29 30 27 28 29 30 27 28 29 30 0
1-25  11 12 13 14 11 12 13 14 11 12 13 14 9 9 9 9 9 9 9 9 9 9 9 9 11 12 13 14 11 12 13 14 11 12 13 14 11 12 13 14 11 12 13 14 11 12 13 14 11 12 13 14 11 12 13 14 11 12 13 14 11 12 13 14 0
1-26  15 16 17 18 15 16 17 18 15 16 17 18 9 9 9 9 9 9 9 9 9 9 9 9 15 16 17 18 15 16 17 18 15 16 17 18 15 16 17 18 15 16 17 18 15 16 17 18 15 16 17 18 15 16 17 18 15 16 17 18 15 16 17 18 0
1-27  19 20 21 22 19 20 21 22 19 20 21 22 9 9 9 9 9 9 9 9 9 9 9 9 19 20 21 22 19 20 21 22 19 20 21 22 19 20 21 22 19 20 21 22 19 20 21 22 19 20 21 22 19 20 21 22 19 20 21 22 19 20 21 22 0
1-28  23 24 25 26 23 24 25 26 23 24 25 26 9 9 9 9 9 9 9 9 9 9 9 9 23 24 25 26 23 24 25 26 23 24 25 26 23 24 25 26 23 24 25 26 23 24 25 26 23 24 25 26 23 24 25 26 23 24 25 26 23 24 25 26 0
1-29  27 28 29 30 27 28 29 30 27 28 29 30 9 9 9 9 9 9 9 9 9 9 9 9 27 28 29 30 27 28 29 30 27 28 29 30 27 28 29 30 27 28 29 30 27 28 29 30 27 28 29 30 27 28 29 30 27 28 29 30 27 28 29 30 0
1-30  11 12 13 14 11 12 13 14 11 12 13 14 9 9 9 9 9 9 9 9 9 9 9 9 11 12 13 14 11 12 13 14 11 12 13 14 11 12 13 14 11 12 13 14 11 12 13 14 11 12 13 14 11 12 13 14 11 12 13 14 11 12 13 14 0
1-31  15 16 17 18 15 16 17 18 15 16 17 18 9 9 9 9 9 9 9 9 9 9 9 9 15 16 17 18 15 16 17 18 15 16 17 18 15 16 17 18 15 16 17 18 15 16 17 18 15 16 17 18 15 16 17 18 15 16 17 18 15 16 17 18 0
2-0  11 12 13 14 11 12 13 14 11 12 13 14 9 9 9 9 9 9 9 9 11 12 13 14 11 12 13 14 11 12 13 14 11 12 13 14 11 12 13 14 11 12 13 14 11 12 13 14 11 12 13 14 11 12 13 14 11 12 13 14 11 12 13 14 0
2-1  15 16 17 18 15 16 17 18 15 16 17 18 9 9 9 9 9 9 9 9 15 16 17 18 15 16 17 18 15 16 17 18 15 16 17 18 15 16 17 18 15 16 17 18 15 16 17 18 15 16 17 18 15 16 17 18 15 16 17 18 15 16 17 18 0
2-2  19 20 21 22 19 20 21 22 19 20 21 22 9 9 9 9 9 9 9 9 19 20 21 22 19 20 21 22 19 20 21 22 19 20 21 22 19 20 21 22 19 20 21 22 19 20 21 22 19 20 21 22 19 20 21 22 19 20 21 22 19 20 21 22 0
2-3  23 24 25 26 23 24 25 26 23 24 25 26 9 9 9 9 9 9 9 9 23 24 25 26 23 24 25 26 23 24 25 26 23 24 25 26 23 24 25 26 23 24 25 26 23 24 25 26 23 24 25 26 23 24 25 26 23 24 25 26 23 24 25 26 0
2-4  27 28 29 30 27 28 29 30 27 28 29 30 9 9 9 9 9 9 9 9 27 28 29 30 27 28 29 30 27 28 29 30 27 28 29 30 27 28 29 30 27 28 29 30 27 28 29 30 27 28 29 30 27 28 29 30 27 28 29 30 27 28 29 30 0
2-5  11 12 13 14 11 12 13 14 11 12 13 14 9 9 9 9 11 12 13 14 11 12 13 14 11 12 13 14 11 12 13 14 11 12 13 14 11 12 13 14 11 12 13 14 11 12 13 14 11 12 13 14 11 12 13 14 11 12 13 14 11 12 13 14 0
2-6  15 16 17 18 15 16 17 18 15 16 17 18 9 9 9 9 15 16 17 18 15 16 17 18 15 16 17 18 15 16 17 18 15 16 17 18 15 16 17 18 15 16 17 18 15 16 17 18 15 16 17 18 15 16 17 18 15 16 17 18 15 16 17 18 0
2-7  19 20 21 22 19 20 21 22 19 20 21 22 9 9 9 9 19 20 21 22 19 20 21 22 19 20 21 22 19 20 21 22 19 20 21 22 19 20 21 22 19 20 21 22 19 20 21 22 19 20 21 22 19 20 21 22 19 20 21 22 19 20 21 22 0
2-8  23 24 25 26 23 24 25 26 23 24 25 26 9 9 9 9 23 24 25 26 23 24 25 26 23 24 25 26 23 24 25 26 23 24 25 26 23 24 25 26 23 24 25 26 23 24 25 26 23 24 25 26 23 24 25 26 23 24 25 26 23 24 25 26 0
2-9  27 28 29 30 27 28 29 30 27 28 29 30 9 9 9 9 27 28 29 30 27 28 29 30 27 28 29 30 27 28 29 30 27 28 29 30 27 28 29 30 27 28 29 30 27 28 29 30 27 28 29 30 27 28 29 30 27 28 29 30 27 28 29 30 0
2-10  11 12 13 14 11 12 13 14 9 9 9 9 9 9 9 9 9 9 9 9 11 12 13 14 11 12 13 14 11 12 13 14 11 12 13 14 11 12 13 14 11 12 13 14 11 12 13 14 11 12 13 14 11 12 13 14 11 12 13 14 11 12 13 14 0
2-11  15 16 17 18 15 16 17 18 9 9 9 9 9 9 9 9 9 9 9 9 15 16 17 18 15 16 17 18 15 16 17 18 15 16 17 18 15 16 17 18 15 16 17 18 15 16 17 18 15 16 17 18 15 16 17 18 15 16 17 18 15 16 17 18 0
2-12  19 20 21 22 19 20 21 22 9 9 9 9 9 9 9 9 9 9 9 9 19 20 21 22 19 20 21 22 19 20 21 22 19 20 21 22 19 20 21 22 19 20 21 22 19 20 21 22 19 20 21 22 19 20 21 22 19 20 21 22 19 20 21 22 0
2-13  23 24 25 26 23 24 25 26 9 9 9 9 9 9 9 9 9 9 9 9 23 24 25 26 23 24 25 26 23 24 25 26 23 24 25 26 23 24 25 26 23 24 25 26 23 24 25 26 23 24 25 26 23 24 25 26 23 24 25 26 23 24 25 26 0
2-14  27 28 29 30 27 28 29 30 9 9 9 9 9 9 9 9 9 9 9 9 27 28 29 30 27 28 29 30 27 28 29 30 27 28 29 30 27 28 29 30 27 28 29 30 27 28 29 30 27 28 29 30 27 28 29 30 27 28 29 30 27 28 29 30 0
2-15  11 12 13 14 11 12 13 14 9 9 9 9 9 9 9 9 9 9 9 9 11 12 13 14 11 12 13 14 11 12 13 14 11 12 13 14 11 12 13 14 11 12 13 14 11 12 13 14 11 12 13 14 11 12 13 14 11 12 13 14 11 12 13 14 0
2-16  15 16 17 18 15 16 17 18 9 9 9 9 9 9 9 9 9 9 9 9 15 16 17 18 15 16 17 18 15 16 17 18 15 16 17 18 15 16 17 18 15 16 17 18 15 16 17 18 15 16 17 18 15 16 17 18 15 16 17 18 15 16 17 18 0
2-17  19 20 21 22 19 20 21 22 9 9 9 9 9 9 9 9 9 9 9 9 19 20 21 22 19 20 21 22 19 20 21 22 19 20 21 22 19 20 21 22 19 20 21 22 19 20 21 22 19 20 21 22 19 20 21 22 19 20 21 22 19 20 21 22 0
2-18  23 24 25 26 23 24 25 26 9 9 9 9 9 9 9 9 9 9 9 9 23 24 25 26 23 24 25 26 23 24 25 26 23 24 25 26 23 24 25 26 23 24 25 26 23 24 25 26 23 24 25 26 23 24 25 26 23 24 25 26 23 24 25 26 0
2-19  27 28 29 30 27 28 29 30 9 9 9 9 9 9 9 9 9 9 9 9 27 28 29 30 27 28 29 30 27 28 29 30 27 28 29 30 27 28 29 30 27 28 29 30 27 28 29 30 27 28 29 30 27 28 29 30 27 28 29 30 27 28 29 30 0
2-20  11 12 13 14 11 12 13 14 11 12 13 14 9 9 9 9 11 12 13 14 11 12 13 14 11 12 13 14 11 12 13 14 11 12 13 14 11 12 13 14 11 12 13 14 11 12 13 14 11 12 13 14 11 12 13 14 11 12 13 14 11 12 13 14 0
2-21  15 16 17 18 15 16 17 18 15 16 17 18 9 9 9 9 15 16 17 18 15 16 17 18 15 16 17 18 15 16 17 18 15 16 17 18 15 16 17 18 15 16 17 18 15 16 17 18 15 16 17 18 15 16 17 18 15 16 17 18 15 16 17 18 0
2-22  19 20 21 22 19 20 21 22 19 20 21 22 9 9 9 9 19 20 21 22 19 20 21 22 19 20 21 22 19 20 21 22 19 20 21 22 19 20 21 22 19 20 21 22 19 20 21 22 19 20 21 22 19 20 21 22 19 20 21 22 19 20 21 22 0
2-23  23 24 25 26 23 24 25 26 23 24 25 26 9 9 9 9 23 24 25 26 23 24 25 26 23 24 25 26 23 24 25 26 23 24 25 26 23 24 25 26 23 24 25 26 23 24 25 26 23 24 25 26 23 24 25 26 23 24 25 26 23 24 25 26 0
2-24  27 28 29 30 27 28 29 30 27 28 29 30 9 9 9 9 27 28 29 30 27 28 29 30 27 28 29 30 27 28 29 30 27 28 29 30 27 28 29 30 27 28 29 30 27 28 29 30 27 28 29 30 27 28 29 30 27 28 29 30 27 28 29 30 0
2-25  11 12 13 14 11 12 13 14 11 12 13 14 9 9 9 9 11 12 13 14 11 12 13 14 11 12 13 14 11 12 13 14 11 12 13 14 11 12 13 14 11 12 13 14 11 12 13 14 11 12 13 14 11 12 13 14 11 12 13 14 11 12 13 14 0
2-26  15 16 17 18 15 16 17 18 15 16 17 18 9 9 9 9 15 16 17 18 15 16 17 18 15 16 17 18 15 16 17 18 15 16 17 18 15 16 17 18 15 16 17 18 15 16 17 18 15 16 17 18 15 16 17 18 15 16 17 18 15 16 17 18 0
2-27  19 20 21 22 19 20 21 22 19 20 21 22 9 9 9 9 19 20 21 22 19 20 21 22 19 20 21 22 19 20 21 22 19 20 21 22 19 20 21 22 19 20 21 22 19 20 21 22 19 20 21 22 19 20 21 22 19 20 21 22 19 20 21 22 0
2-28  23 24 25 26 23 24 25 26 23 24 25 26 9 9 9 9 23 24 25 26 23 24 25 26 23 24 25 26 23 24 25 26 23 24 25 26 23 24 25 26 23 24 25 26 23 24 25 26 23 24 25 26 23 24 25 26 23 24 25 26 23 24 25 26 0
2-29  27 28 29 30 27 28 29 30 27 28 29 30 9 9 9 9 27 28 29 30 27 28 29 30 27 28 29 30 27 28 29 30 27 28 29 30 27 28 29 30 27 28 29 30 27 28 29 30 27 28 29 30 27 28 29 30 27 28 29 30 27 28 29 30 0
2-30  11 12 13 14 11 12 13 14 11 12 13 14 9 9 9 9 11 12 13 14 11 12 13 14 11 12 13 14 11 12 13 14 11 12 13 14 11 12 13 14 11 12 13 14 11 12 13 14 11 12 13 14 11 12 13 14 11 12 13 14 11 12 13 14 0
2-31  15 16 17 18 15 16 17 18 15 16 17 18 9 9 9 9 15 16 17 18 15 16 17 18 15 16 17 18 15 16 17 18 15 16 17 18 15 16 17 18 15 16 17 18 15 16 17 18 15 16 17 18 15 16 17 18 15 16 17 18 15 16 17 18 0
3-0  11 12 13 14 11 12 13 14 11 12 13 14 9 9 9 9 11 12 13 14 11 12 13 14 11 12 13 14 11 12 13 14 11 12 13 14 11 12 13 14 11 12 13 14 11 12 13 14 11 12 13 14 11 12 13 14 11 12 13 14 11 12 13 14 0
3-1  15 16 17 18 15 16 17 18 15 16 17 18 9 9 9 9 15 16 17 18 15 16 17 18 15 16 17 18 15 16 17 18 15 16 17 18 15 16 17 18 15 16 17 18 15 16 17 18 15 16 17 18 15 16 17 18 15 16 17 18 15 16 17 18 0
3-2  19 20 21 22 19 20 21 22 19 20 21 22 9 9 9 9 19 20 21 22 19 20 21 22 19 20 21 22 19 20 21 22 19 20 21 22 19 20 21 22 19 20 21 22 19 20 21 22 19 20 21 22 19 20 21 22 19 20 21 22 19 20 21 22 0
3-3  23 24 25 26 23 24 25 26 23 24 25 26 9 9 9 9 23 24 25 26 23 24 25 26 23 24 25 26 23 24 25 26 23 24 25 26 23 24 25 26 23 24 25 26 23 24 25 26 23 24 25 26 23 24 25 26 23 24 25 26 23 24 25 26 0
3-4  27 28 29 30 27 28 29 30 27 28 29 30 9 9 9 9 27 28 29 30 27 28 29 30 27 28 29 30 27 28 29 30 27 28 29 30 27 28 29 30 27 28 29 30 27 28 29 30 27 28 29 30 27 28 29 30 27 28 29 30 27 28 29 30 0
3-5  11 12 13 14 11 12 13 14 11 12 13 14 9 9 9 9 11 12 13 14 11 12 13 14 11 12 13 14 11 12 13 14 11 12 13 14 11 12 13 14 11 12 13 14 11 12 13 14 11 12 13 14 11 12 13 14 11 12 13 14 11 12 13 14 0
3-6  15 16 17 18 15 16 17 18 15 16 17 18 9 9 9 9 15 16 17 18 15 16 17 18 15 16 17 18 15 16 17 18 15 16 17 18 15 16 17 18 15 16 17 18 15 16 17 18 15 16 17 18 15 16 17 18 15 16 17 18 15 16 17 18 0
3-7  19 20 21 22 19 20 21 22 19 20 21 22 9 9 9 9 19 20 21 22 19 20 21 22 19 20 21 22 19 20 21 22 19 20 21 22 19 20 21 22 19 20 21 22 19 20 21 22 19 20 21 22 19 20 21 22 19 20 21 22 19 20 21 22 0
3-8  23 24 25 26 23 24 25 26 23 24 25 26 9 9 9 9 23 24 25 26 23 24 25 26 23 24 25 26 23 24 25 26 23 24 25 26 23 24 25 26 23 24 25 26 23 24 25 26 23 24 25 26 23 24 25 26 23 24 25 26 23 24 25 26 0
3-9  27 28 29 30 27 28 29 30 27 28 29 30 9 9 9 9 27 28 29 30 27 28 29 30 27 28 29 30 27 28 29 30 27 28 29 30 27 28 29 30 27 28 29 30 27 28 29 30 27 28 29 30 27 28 29 30 27 28 29 30 27 28 29 30 0
3-10  11 12 13 14 11 12 13 14 11 12 13 14 9 9 9 9 11 12 13 14 11 12 13 14 11 12 13 14 11 12 13 14 11 12 13 14 11 12 13 14 11 12 13 14 11 12 13 14 11 12 13 14 11 12 13 14 11 12 13 14 11 12 13 14 0
3-11  15 16 17 18 15 16 17 18 15 16 17 18 9 9 9 9 15 16 17 18 15 16 17 18 15 16 17 18 15 16 17 18 15 16 17 18 15 16 17 18 15 16 17 18 15 16 17 18 15 16 17 18 15 16 17 18 15 16 17 18 15 16 17 18 0
3-12  19 20 21 22 19 20 21 22 19 20 21 22 9 9 9 9 19 20 21 22 19 20 21 22 19 20 21 22 19 20 21 22 19 20 21 22 19 20 21 22 19 20 21 22 19 20 21 22 19 20 21 22 19 20 21 22 19 20 21 22 19 20 21 22 0
3-13  23 24 25 26 23 24 25 26 23 24 25 26 9 9 9 9 23 24 25 26 23 24 25 26 23 24 25 26 23 24 25 26 23 24 25 26 23 24 25 26 23 24 25 26 23 24 25 26 23 24 25 26 23 24 25 26 23 24 25 26 23 24 25 26 0
3-14  27 28 29 30 27 28 29 30 27 28 29 30 9 9 9 9 27 28 29 30 27 28 29 30 27 28 29 30 27 28 29 30 27 28 29 30 27 28 29 30 27 28 29 30 27 28 29 30 27 28 29 30 27 28 29 30 27 28 29 30 27 28 29 30 0
3-15  9 9 9 9 9 9 9 9 9 9 9 9 9 9 9 9 9 9 9 9 9 9 9 9 9 9 11 12 13 14 11 12 13 14 11 12 13 14 11 12 13 14 11 12 13 14 11 12 13 14 11 12 13 14 11 12 13 14 0
3-16  9 9 9 9 9 9 9 9 9 9 9 9 9 9 9 9 9 9 9 9 9 9 9 9 9 9 15 16 17 18 15 16 17 18 15 16 17 18 15 16 17 18 15 16 17 18 15 16 17 18 15 16 17 18 15 16 17 18 0
3-17  9 9 9 9 9 9 9 9 9 9 9 9 9 9 9 9 9 9 9 9 9 9 9 9 9 9 19 20 21 22 19 20 21 22 19 20 21 22 19 20 21 22 19 20 21 22 19 20 21 22 19 20 21 22 19 20 21 22 0
3-18  9 9 9 9 9 9 9 9 9 9 9 9 9 9 9 9 9 9 9 9 9 9 9 9 9 9 23 24 25 26 23 24 25 26 23 24 25 26 23 24 25 26 23 24 25 26 23 24 25 26 23 24 25 26 23 24 25 26 0
3-19  9 9 9 9 9 9 9 9 9 9 9 9 9 9 9 9 9 9 9 9 9 9 9 9 9 9 27 28 29 30 27 28 29 30 27 28 29 30 27 28 29 30 27 28 29 30 27 28 29 30 27 28 29 30 27 28 29 30 0
3-20  11 12 13 14 11 12 13 14 11 12 13 14 11 12 13 14 11 12 13 14 11 12 13 14 11 12 13 14 11 12 13 14 11 12 13 14 11 12 13 14 11 12 13 14 11 12 13 14 11 12 13 14 11 12 13 14 11 12 13 14 11 12 13 14 0
3-21  15 16 17 18 15 16 17 18 15 16 17 18 15 16 17 18 15 16 17 18 15 16 17 18 15 16 17 18 15 16 17 18 15 16 17 18 15 16 17 18 15 16 17 18 15 16 17 18 15 16 17 18 15 16 17 18 15 16 17 18 15 16 17 18 0
3-22  19 20 21 22 19 20 21 22 19 20 21 22 19 20 21 22 19 20 21 22 19 20 21 22 19 20 21 22 19 20 21 22 19 20 21 22 19 20 21 22 19 20 21 22 19 20 21 22 19 20 21 22 19 20 21 22 19 20 21 22 19 20 21 22 0
3-23  23 24 25 26 23 24 25 26 23 24 25 26 23 24 25 26 23 24 25 26 23 24 25 26 23 24 25 26 23 24 25 26 23 24 25 26 23 24 25 26 23 24 25 26 23 24 25 26 23 24 25 26 23 24 25 26 23 24 25 26 23 24 25 26 0
3-24  27 28 29 30 27 28 29 30 27 28 29 30 27 28 29 30 27 28 29 30 27 28 29 30 27 28 29 30 27 28 29 30 27 28 29 30 27 28 29 30 27 28 29 30 27 28 29 30 27 28 29 30 27 28 29 30 27 28 29 30 27 28 29 30 0
3-25  11 12 13 14 11 12 13 14 11 12 13 14 11 12 13 14 11 12 13 14 11 12 13 14 11 12 13 14 11 12 13 14 11 12 13 14 11 12 13 14 11 12 13 14 11 12 13 14 11 12 13 14 11 12 13 14 11 12 13 14 11 12 13 14 0
3-26  15 16 17 18 15 16 17 18 15 16 17 18 15 16 17 18 15 16 17 18 15 16 17 18 15 16 17 18 15 16 17 18 15 16 17 18 15 16 17 18 15 16 17 18 15 16 17 18 15 16 17 18 15 16 17 18 15 16 17 18 15 16 17 18 0
3-27  19 20 21 22 19 20 21 22 19 20 21 22 19 20 21 22 19 20 21 22 19 20 21 22 19 20 21 22 19 20 21 22 19 20 21 22 19 20 21 22 19 20 21 22 19 20 21 22 19 20 21 22 19 20 21 22 19 20 21 22 19 20 21 22 0
3-28  23 24 25 26 23 24 25 26 23 24 25 26 23 24 25 26 23 24 25 26 23 24 25 26 23 24 25 26 23 24 25 26 23 24 25 26 23 24 25 26 23 24 25 26 23 24 25 26 23 24 25 26 23 24 25 26 23 24 25 26 23 24 25 26 0
3-29  27 28 29 30 27 28 29 30 27 28 29 30 27 28 29 30 27 28 29 30 27 28 29 30 27 28 29 30 27 28 29 30 27 28 29 30 27 28 29 30 27 28 29 30 27 28 29 30 27 28 29 30 27 28 29 30 27 28 29 30 27 28 29 30 0
3-30  11 12 13 14 11 12 13 14 11 12 13 14 11 12 13 14 11 12 13 14 11 12 13 14 11 12 13 14 11 12 13 14 11 12 13 14 11 12 13 14 11 12 13 14 11 12 13 14 11 12 13 14 11 12 13 14 11 12 13 14 11 12 13 14 0
3-31  15 16 17 18 15 16 17 18 15 16 17 18 15 16 17 18 15 16 17 18 15 16 17 18 15 16 17 18 15 16 17 18 15 16 17 18 15 16 17 18 15 16 17 18 15 16 17 18 15 16 17 18 15 16 17 18 15 16 17 18 15 16 17 18 0
4-0  11 12 13 14 11 12 13 14 11 12 13 14 9 9 9 9 11 12 13 14 11 12 13 14 11 12 13 14 11 12 13 14 11 12 13 14 11 12 13 14 11 12 13 14 11 12 13 14 11 12 13 14 11 12 13 14 11 12 13 14 11 12 13 14 0
4-1  15 16 17 18 15 16 17 18 15 16 17 18 9 9 9 9 15 16 17 18 15 16 17 18 15 16 17 18 15 16 17 18 15 16 17 18 15 16 17 18 15 16 17 18 15 16 17 18 15 16 17 18 15 16 17 18 15 16 17 18 15 16 17 18 0
4-2  19 20 21 22 19 20 21 22 19 20 21 22 9 9 9 9 19 20 21 22 19 20 21 22 19 20 21 22 19 20 21 22 19 20 21 22 19 20 21 22 19 20 21 22 19 20 21 22 19 20 21 22 19 20 21 22 19 20 21 22 19 20 21 22 0
4-3  23 24 25 26 23 24 25 26 23 24 25 26 9 9 9 9 23 24 25 26 23 24 25 26 23 24 25 26 23 24 25 26 23 24 25 26 23 24 25 26 23 24 25 26 23 24 25 26 23 24 25 26 23 24 25 26 23 24 25 26 23 24 25 26 0
4-4  27 28 29 30 27 28 29 30 27 28 29 30 9 9 9 9 27 28 29 30 27 28 29 30 27 28 29 30 27 28 29 30 27 28 29 30 27 28 29 30 27 28 29 30 27 28 29 30 27 28 29 30 27 28 29 30 27 28 29 30 27 28 29 30 0
4-5  11 12 13 14 11 12 13 14 11 12 13 14 9 9 9 9 11 12 13 14 11 12 13 14 11 12 13 14 11 12 13 14 11 12 13 14 11 12 13 14 11 12 13 14 11 12 13 14 11 12 13 14 11 12 13 14 11 12 13 14 11 12 13 14 0
4-6  15 16 17 18 15 16 17 18 15 16 17 18 9 9 9 9 15 16 17 18 15 16 17 18 15 16 17 18 15 16 17 18 15 16 17 18 15 16 17 18 15 16 17 18 15 16 17 18 15 16 17 18 15 16 17 18 15 16 17 18 15 16 17 18 0
4-7  19 20 21 22 19 20 21 22 19 20 21 22 9 9 9 9 19 20 21 22 19 20 21 22 19 20 21 22 19 20 21 22 19 20 21 22 19 20 21 22 19 20 21 22 19 20 21 22 19 20 21 22 19 20 21 22 19 20 21 22 19 20 21 22 0
4-8  23 24 25 26 23 24 25 26 23 24 25 26 9 9 9 9 23 24 25 26 23 24 25 26 23 24 25 26 23 24 25 26 23 24 25 26 23 24 25 26 23 24 25 26 23 24 25 26 23 24 25 26 23 24 25 26 23 24 25 26 23 24 25 26 0
4-9  27 28 29 30 27 28 29 30 27 28 29 30 9 9 9 9 27 28 29 30 27 28 29 30 27 28 29 30 27 28 29 30 27 28 29 30 27 28 29 30 27 28 29 30 27 28 29 30 27 28 29 30 27 28 29 30 27 28 29 30 27 28 29 30 0
4-10  11 12 13 14 11 12 13 14 11 12 13 14 9 9 9 9 11 12 13 14 11 12 13 14 11 12 13 14 11 12 13 14 11 12 13 14 11 12 13 14 11 12 13 14 11 12 13 14 11 12 13 14 11 12 13 14 11 12 13 14 11 12 13 14 0
4-11  15 16 17 18 15 16 17 18 15 16 17 18 9 9 9 9 15 16 17 18 15 16 17 18 15 16 17 18 15 16 17 18 15 16 17 18 15 16 17 18 15 16 17 18 15 16 17 18 15 16 17 18 15 16 17 18 15 16 17 18 15 16 17 18 0
4-12  19 20 21 22 19 20 21 22 19 20 21 22 9 9 9 9 19 20 21 22 19 20 21 22 19 20 21 22 19 20 21 22 19 20 21 22 19 20 21 22 19 20 21 22 19 20 21 22 19 20 21 22 19 20 21 22 19 20 21 22 19 20 21 22 0
4-13  23 24 25 26 23 24 25 26 23 24 25 26 9 9 9 9 23 24 25 26 23 24 25 26 23 24 25 26 23 24 25 26 23 24 25 26 23 24 25 26 23 24 25 26 23 24 25 26 23 24 25 26 23 24 25 26 23 24 25 26 23 24 25 26 0
4-14  27 28 29 30 27 28 29 30 27 28 29 30 9 9 9 9 27 28 29 30 27 28 29 30 27 28 29 30 27 28 29 30 27 28 29 30 27 28 29 30 27 28 29 30 27 28 29 30 27 28 29 30 27 28 29 30 27 28 29 30 27 28 29 30 0
4-15  11 12 13 14 11 12 13 14 11 12 13 14 9 9 9 9 9 9 9 9 9 9 9 9 9 9 9 9 9 9 9 9 9 9 9 9 9 9 9 9 9 9 9 9 9 9 9 9 9 9 9 9 9 9 9 9 9 9 9
4-16  15 16 17 18 15 16 17 18 15 16 17 18 9 9 9 9 9 9 9 9 9 9 9 9 9 9 9 9 9 9 9 9 9 9 9 9 9 9 9 9 9 9 9 9 9 9 9 9 9 9 9 9 9 9 9 9 9 9 9
4-17  19 20 21 22 19 20 21 22 19 20 21 22 9 9 9 9 9 9 9 9 9 9 9 9 9 9 9 9 9 9 9 9 9 9 9 9 9 9 9 9 9 9 9 9 9 9 9 9 9 9 9 9 9 9 9 9 9 9 9
4-18  23 24 25 26 23 24 25 26 23 24 25 26 9 9 9 9 9 9 9 9 9 9 9 9 9 9 9 9 9 9 9 9 9 9 9 9 9 9 9 9 9 9 9 9 9 9 9 9 9 9 9 9 9 9 9 9 9 9 9
4-19  27 28 29 30 27 28 29 30 27 28 29 30 9 9 9 9 9 9 9 9 9 9 9 9 9 9 9 9 9 9 9 9 9 9 9 9 9 9 9 9 9 9 9 9 9 9 9 9 9 9 9 9 9 9 9 9 9 9 9
4-20  11 12 13 14 11 12 13 14 11 12 13 14 9 9 9 9 11 12 13 14 11 12 13 14 11 12 13 14 11 12 13 14 11 12 13 14 11 12 13 14 11 12 13 14 11 12 13 14 11 12 13 14 11 12 13 14 11 12 13 14 11 12 13 14 0
4-21  15 16 17 18 15 16 17 18 15 16 17 18 9 9 9 9 15 16 17 18 15 16 17 18 15 16 17 18 15 16 17 18 15 16 17 18 15 16 17 18 15 16 17 18 15 16 17 18 15 16 17 18 15 16 17 18 15 16 17 18 15 16 17 18 0
4-22  19 20 21 22 19 20 21 22 19 20 21 22 9 9 9 9 19 20 21 22 19 20 21 22 19 20 21 22 19 20 21 22 19 20 21 22 19 20 21 22 19 20 21 22 19 20 21 22 19 20 21 22 19 20 21 22 19 20 21 22 19 20 21 22 0
4-23  23 24 25 26 23 24 25 26 23 24 25 26 9 9 9 9 23 24 25 26 23 24 25 26 23 24 25 26 23 24 25 26 23 24 25 26 23 24 25 26 23 24 25 26 23 24 25 26 23 24 25 26 23 24 25 26 23 24 25 26 23 24 25 26 0
4-24  27 28 29 30 27 28 29 30 27 28 29 30 9 9 9 9 27 28 29 30 27 28 29 30 27 28 29 30 27 28 29 30 27 28 29 30 27 28 29 30 27 28 29 30 27 28 29 30 27 28 29 30 27 28 29 30 27 28 29 30 27 28 29 30 0
4-25  11 12 13 14 9 9 9 9 9 9 9 9 9 9 9 9 11 12 13 14 11 12 13 14 11 12 13 14 11 12 13 14 11 12 13 14 11 12 13 14 11 12 13 14 11 12 13 14 11 12 13 14 11 12 13 14 11 12 13 14 11 12 13 14 0
4-26  15 16 17 18 9 9 9 9 9 9 9 9 9 9 9 9 15 16 17 18 15 16 17 18 15 16 17 18 15 16 17 18 15 16 17 18 15 16 17 18 15 16 17 18 15 16 17 18 15 16 17 18 15 16 17 18 15 16 17 18 15 16 17 18 0
4-27  19 20 21 22 9 9 9 9 9 9 9 9 9 9 9 9 19 20 21 22 19 20 21 22 19 20 21 22 19 20 21 22 19 20 21 22 19 20 21 22 19 20 21 22 19 20 21 22 19 20 21 22 19 20 21 22 19 20 21 22 19 20 21 22 0
4-28  23 24 25 26 9 9 9 9 9 9 9 9 9 9 9 9 23 24 25 26 23 24 25 26 23 24 25 26 23 24 25 26 23 24 25 26 23 24 25 26 23 24 25 26 23 24 25 26 23 24 25 26 23 24 25 26 23 24 25 26 23 24 25 26 0
4-29  27 28 29 30 9 9 9 9 9 9 9 9 9 9 9 9 27 28 29 30 27 28 29 30 27 28 29 30 27 28 29 30 27 28 29 30 27 28 29 30 27 28 29 30 27 28 29 30 27 28 29 30 27 28 29 30 27 28 29 30 27 28 29 30 0
4-30  11 12 13 14 11 12 13 14 11 12 13 14 9 9 9 9 11 12 13 14 11 12 13 14 11 12 13 14 11 12 13 14 11 12 13 14 11 12 13 14 11 12 13 14 11 12 13 14 11 12 13 14 11 12 13 14 11 12 13 14 11 12 13 14 0
4-31  15 16 17 18 15 16 17 18 15 16 17 18 9 9 9 9 15 16 17 18 15 16 17 18 15 16 17 18 15 16 17 18 15 16 17 18 15 16 17 18 15 16 17 18 15 16 17 18 15 16 17 18 15 16 17 18 15 16 17 18 15 16 17 18 0
5-0  0 0 0 0 0 0 0 0 0 0 0 0 0 0 0 0 0 0 0 0 0 0 0 0 0 0 0 0 0 0 0 0 0 0 0 0 0 0 0 0 0 0 0 0 0 0 0 0 0 0 0 0 0 0 0 0 0 0 0 0 0 0 0 0 0
5-1  0 0 0 0 0 0 0 0 0 0 0 0 0 0 0 0 0 0 0 0 0 0 0 0 0 0 0 0 0 0 0 0 0 0 0 0 0 0 0 0 0 0 0 0 0 0 0 0 0 0 0 0 0 0 0 0 0 0 0 0 0 0 0 0 0
5-2  0 0 0 0 0 0 0 0 0 0 0 0 0 0 0 0 0 0 0 0 0 0 0 0 0 0 0 0 0 0 0 0 0 0 0 0 0 0 0 0 0 0 0 0 0 0 0 0 0 0 0 0 0 0 0 0 0 0 0 0 0 0 0 0 0
5-3  0 0 0 0 0 0 0 0 0 0 0 0 0 0 0 0 0 0 0 0 0 0 0 0 0 0 0 0 0 0 0 0 0 0 0 0 0 0 0 0 0 0 0 0 0 0 0 0 0 0 0 0 0 0 0 0 0 0 0 0 0 0 0 0 0
5-4  0 0 0 0 0 0 0 0 0 0 0 0 0 0 0 0 0 0 0 0 0 0 0 0 0 0 0 0 0 0 0 0 0 0 0 0 0 0 0 0 0 0 0 0 0 0 0 0 0 0 0 0 0 0 0 0 0 0 0 0 0 0 0 0 0
5-5  0 0 0 0 0 0 0 0 0 0 0 0 0 0 0 0 0 0 0 0 0 0 0 0 0 0 0 0 0 0 0 0 0 0 0 0 0 0 0 0 0 0 0 0 0 0 0 0 0 0 0 0 0 0 0 0 0 0 0 0 0 0 0 0 0
5-6  0 0 0 0 0 0 0 0 0 0 0 0 0 0 0 0 0 0 0 0 0 0 0 0 0 0 0 0 0 0 0 0 0 0 0 0 0 0 0 0 0 0 0 0 0 0 0 0 0 0 0 0 0 0 0 0 0 0 0 0 0 0 0 0 0
5-7  0 0 0 0 0 0 0 0 0 0 0 0 0 0 0 0 0 0 0 0 0 0 0 0 0 0 0 0 0 0 0 0 0 0 0 0 0 0 0 0 0 0 0 0 0 0 0 0 0 0 0 0 0 0 0 0 0 0 0 0 0 0 0 0 0
5-8  0 0 0 0 0 0 0 0 0 0 0 0 31 32 33 0 0 0 0 0 0 0 0 0 0 0 0 0 0 0 0 0 0 0 0 0 0 0 0 0 0 0 0 0 0 0 0 0 0 0 0 0 0 0 0 0 0 0 0 0 0 0 0 0 0
5-9  0 0 0 0 0 0 0 0 0 0 0 0 34 35 36 0 0 0 0 0 0 0 0 0 0 0 0 0 0 0 0 0 0 0 0 0 0 0 0 0 0 0 0 0 0 0 0 0 0 0 0 0 0 0 0 0 0 0 0 0 0 0 0 0 0
5-10  11 12 13 14 11 12 13 14 11 12 13 14 9 9 9 9 11 12 13 14 11 12 13 14 11 12 13 14 11 12 13 14 11 12 13 14 11 12 13 14 11 12 13 14 11 12 13 14 11 12 13 14 11 12 13 14 11 12 13 14 11 12 13 14 0
5-11  15 16 17 18 15 16 17 18 15 16 17 18 9 9 9 9 15 16 17 18 15 16 17 18 15 16 17 18 15 16 17 18 15 16 17 18 15 16 17 18 15 16 17 18 15 16 17 18 15 16 17 18 15 16 17 18 15 16 17 18 15 16 17 18 0
5-12  19 20 21 22 19 20 21 22 19 20 21 22 9 9 9 9 19 20 21 22 19 20 21 22 19 20 21 22 19 20 21 22 19 20 21 22 19 20 21 22 19 20 21 22 19 20 21 22 19 20 21 22 19 20 21 22 19 20 21 22 19 20 21 22 0
5-13  23 24 25 26 23 24 25 26 23 24 25 26 9 9 9 9 23 24 25 26 23 24 25 26 23 24 25 26 23 24 25 26 23 24 25 26 23 24 25 26 23 24 25 26 23 24 25 26 23 24 25 26 23 24 25 26 23 24 25 26 23 24 25 26 0
5-14  27 28 29 30 27 28 29 30 27 28 29 30 9 9 9 9 27 28 29 30 27 28 29 30 27 28 29 30 27 28 29 30 27 28 29 30 27 28 29 30 27 28 29 30 27 28 29 30 27 28 29 30 27 28 29 30 27 28 29 30 27 28 29 30 0
5-15  11 12 13 14 11 12 13 14 11 12 13 14 9 9 9 9 11 12 13 14 11 12 13 14 11 12 13 14 11 12 13 14 11 12 13 14 11 12 13 14 11 12 13 14 11 12 13 14 11 12 13 14 11 12 13 14 11 12 13 14 11 12 13 14 0
5-16  15 16 17 18 15 16 17 18 15 16 17 18 9 9 9 9 15 16 17 18 15 16 17 18 15 16 17 18 15 16 17 18 15 16 17 18 15 16 17 18 15 16 17 18 15 16 17 18 15 16 17 18 15 16 17 18 15 16 17 18 15 16 17 18 0
5-17  19 20 21 22 19 20 21 22 19 20 21 22 9 9 9 9 19 20 21 22 19 20 21 22 19 20 21 22 19 20 21 22 19 20 21 22 19 20 21 22 19 20 21 22 19 20 21 22 19 20 21 22 19 20 21 22 19 20 21 22 19 20 21 22 0
5-18  23 24 25 26 23 24 25 26 23 24 25 26 9 9 9 9 23 24 25 26 23 24 25 26 23 24 25 26 23 24 25 26 23 24 25 26 23 24 25 26 23 24 25 26 23 24 25 26 23 24 25 26 23 24 25 26 23 24 25 26 23 24 25 26 0
5-19  27 28 29 30 27 28 29 30 27 28 29 30 9 9 9 9 27 28 29 30 27 28 29 30 27 28 29 30 27 28 29 30 27 28 29 30 27 28 29 30 27 28 29 30 27 28 29 30 27 28 29 30 27 28 29 30 27 28 29 30 27 28 29 30 0
5-20  11 12 13 14 11 12 13 14 11 12 13 14 9 9 9 9 11 12 13 14 11 12 13 14 11 12 13 14 11 12 13 14 11 12 13 14 11 12 13 14 11 12 13 14 11 12 13 14 11 12 13 14 11 12 13 14 11 12 13 14 11 12 13 14 0
5-21  15 16 17 18 15 16 17 18 15 16 17 18 9 9 9 9 15 16 17 18 15 16 17 18 15 16 17 18 15 16 17 18 15 16 17 18 15 16 17 18 15 16 17 18 15 16 17 18 15 16 17 18 15 16 17 18 15 16 17 18 15 16 17 18 0
5-22  19 20 21 22 19 20 21 22 19 20 21 22 9 9 9 9 19 20 21 22 19 20 21 22 19 20 21 22 19 20 21 22 19 20 21 22 19 20 21 22 19 20 21 22 19 20 21 22 19 20 21 22 19 20 21 22 19 20 21 22 19 20 21 22 0
5-23  23 24 25 26 23 24 25 26 23 24 25 26 9 9 9 9 23 24 25 26 23 24 25 26 23 24 25 26 23 24 25 26 23 24 25 26 23 24 25 26 23 24 25 26 23 24 25 26 23 24 25 26 23 24 25 26 23 24 25 26 23 24 25 26 0
5-24  27 28 29 30 27 28 29 30 27 28 29 30 9 9 9 9 27 28 29 30 27 28 29 30 27 28 29 30 27 28 29 30 27 28 29 30 27 28 29 30 27 28 29 30 27 28 29 30 27 28 29 30 27 28 29 30 27 28 29 30 27 28 29 30 0
5-25  11 12 13 14 11 12 13 14 11 12 13 14 9 9 9 9 11 12 13 14 11 12 13 14 11 12 13 14 11 12 13 14 11 12 13 14 11 12 13 14 11 12 13 14 11 12 13 14 11 12 13 14 11 12 13 14 11 12 13 14 11 12 13 14 0
5-26  15 16 17 18 15 16 17 18 15 16 17 18 9 9 9 9 15 16 17 18 15 16 17 18 15 16 17 18 15 16 17 18 15 16 17 18 15 16 17 18 15 16 17 18 15 16 17 18 15 16 17 18 15 16 17 18 15 16 17 18 15 16 17 18 0
5-27  19 20 21 22 19 20 21 22 19 20 21 22 9 9 9 9 19 20 21 22 19 20 21 22 19 20 21 22 19 20 21 22 19 20 21 22 19 20 21 22 19 20 21 22 19 20 21 22 19 20 21 22 19 20 21 22 19 20 21 22 19 20 21 22 0
5-28  23 24 25 26 23 24 25 26 23 24 25 26 9 9 9 9 23 24 25 26 23 24 25 26 23 24 25 26 23 24 25 26 23 24 25 26 23 24 25 26 23 24 25 26 23 24 25 26 23 24 25 26 23 24 25 26 23 24 25 26 23 24 25 26 0
5-29  27 28 29 30 27 28 29 30 27 28 29 30 9 9 9 9 27 28 29 30 27 28 29 30 27 28 29 30 27 28 29 30 27 28 29 30 27 28 29 30 27 28 29 30 27 28 29 30 27 28 29 30 27 28 29 30 27 28 29 30 27 28 29 30 0
5-30  11 12 13 14 11 12 13 14 11 12 13 14 9 9 9 9 11 12 13 14 11 12 13 14 11 12 13 14 11 12 13 14 11 12 13 14 11 12 13 14 11 12 13 14 11 12 13 14 11 12 13 14 11 12 13 14 11 12 13 14 11 12 13 14 0
5-31  15 16 17 18 15 16 17 18 15 16 17 18 9 9 9 9 15 16 17 18 15 16 17 18 15 16 17 18 15 16 17 18 15 16 17 18 15 16 17 18 15 16 17 18 15 16 17 18 15 16 17 18 15 16 17 18 15 16 17 18 15 16 17 18 0
md 2 3
ms 0 0 0
ms 1 0 1
ms 1 1 2
ms 1 2 3
ms 0 2 4
ms 0 1 5