5-0  0 0 0 0 0 0 0 0 0 0 0 0 0 0 0 0 0 0 0 0 0 0 0 0 0 0 0 0 0 0 0 0 0 0 0 0 0 0 0 0 0 0 0 0 0 0 0 0 0 0 0 0 0 0 0 0 0 0 0 0 0 0 0 0 0
5-1  0 0 0 0 0 0 0 0 0 0 0 0 0 0 0 0 0 0 0 0 0 0 0 0 0 0 0 0 0 0 0 0 0 0 0 0 0 0 0 0 0 0 0 0 0 0 0 0 0 0 0 0 0 0 0 0 0 0 0 0 0 0 0 0 0
5-2  0 0 0 0 0 0 0 0 0 0 0 0 0 0 0 0 0 0 0 0 0 0 0 0 0 0 0 0 0 0 0 0 0 0 0 0 0 0 0 0 0 0 0 0 0 0 0 0 0 0 0 0 0 0 0 0 0 0 0 0 0 0 0 0 0
5-3  0 0 0 0 0 0 0 0 0 0 0 0 0 0 0 0 0 0 0 0 0 0 0 0 0 0 0 0 0 0 0 0 0 0 0 0 0 0 0 0 0 0 0 0 0 0 0 0 0 0 0 0 0 0 0 0 0 0 0 0 0 0 0 0 0
5-4  0 0 0 0 0 0 0 0 0 0 0 0 0 0 0 0 0 0 0 0 0 0 0 0 0 0 0 0 0 0 0 0 0 0 0 0 0 0 0 0 0 0 0 0 0 0 0 0 0 0 0 0 0 0 0 0 0 0 0 0 0 0 0 0 0
5-5  0 0 0 0 0 0 0 0 0 0 0 0 0 0 0 0 0 0 0 0 0 0 0 0 0 0 0 0 0 0 0 0 0 0 0 0 0 0 0 0 0 0 0 0 0 0 0 0 0 0 0 0 0 0 0 0 0 0 0 0 0 0 0 0 0
5-6  0 0 0 0 0 0 0 0 0 0 0 0 0 0 0 0 0 0 0 0 0 0 0 0 0 0 0 0 0 0 0 0 0 0 0 0 0 0 0 0 0 0 0 0 0 0 0 0 0 0 0 0 0 0 0 0 0 0 0 0 0 0 0 0 0
5-7  0 0 0 0 0 0 0 0 0 0 0 0 0 0 0 0 0 0 0 0 0 0 0 0 0 0 0 0 0 0 0 0 0 0 0 0 0 0 0 0 0 0 0 0 0 0 0 0 0 0 0 0 0 0 0 0 0 0 0 0 0 0 0 0 0
5-8  0 0 0 0 0 0 0 0 0 0 0 0 31 32 33 0 0 0 0 0 0 0 0 0 0 0 0 0 0 0 0 0 0 0 0 0 0 0 0 0 0 0 0 0 0 0 0 0 0 0 0 0 0 0 0 0 0 0 0 0 0 0 0 0 0
5-9  0 0 0 0 0 0 0 0 0 0 0 0 34 35 36 0 0 0 0 0 0 0 0 0 0 0 0 0 0 0 0 0 0 0 0 0 0 0 0 0 0 0 0 0 0 0 0 0 0 0 0 0 0 0 0 0 0 0 0 0 0 0 0 0 0
5-10  11 12 13 14 11 12 13 14 11 12 13 14 9 9 9 9 11 12 13 14 11 12 13 14 11 12 13 14 11 12 13 14 11 12 13 14 11 12 13 14 11 12 13 14 11 12 13 14 11 12 13 14 11 12 13 14 11 12 13 14 11 12 13 14 0
5-11  15 16 17 18 15 16 17 18 15 16 17 18 9 9 9 9 15 16 17 18 15 16 17 18 15 16 17 18 15 16 17 18 15 16 17 18 15 16 17 18 15 16 17 18 15 16 17 18 15 16 17 18 15 16 17 18 15 16 17 18 15 16 17 18 0
5-12  19 20 21 22 19 20 21 22 19 20 21 22 9 9 9 9 19 20 21 22 19 20 21 22 19 20 21 22 19 20 21 22 19 20 21 22 19 20 21 22 19 20 21 22 19 20 21 22 19 20 21 22 19 20 21 22 19 20 21 22 19 20 21 22 0
5-13  23 24 25 26 23 24 25 26 23 24 25 26 9 9 9 9 23 24 25 26 23 24 25 26 23 24 25 26 23 24 25 26 23 24 25 26 23 24 25 26 23 24 25 26 23 24 25 26 23 24 25 26 23 24 25 26 23 24 25 26 23 24 25 26 0
5-14  27 28 29 30 27 28 29 30 27 28 29 30 9 9 9 9 27 28 29 30 27 28 29 30 27 28 29 30 27 28 29 30 27 28 29 30 27 28 29 30 27 28 29 30 27 28 29 30 27 28 29 30 27 28 29 30 27 28 29 30 27 28 29 30 0
5-15  11 12 13 14 11 12 13 14 11 12 13 14 9 9 9 9 11 12 13 14 11 12 13 14 11 12 13 14 11 12 13 14 11 12 13 14 11 12 13 14 11 12 13 14 11 12 13 14 11 12 13 14 11 12 13 14 11 12 13 14 11 12 13 14 0
5-16  15 16 17 18 15 16 17 18 15 16 17 18 9 9 9 9 15 16 17 18 15 16 17 18 15 16 17 18 15 16 17 18 15 16 17 18 15 16 17 18 15 16 17 18 15 16 17 18 15 16 17 18 15 16 17 18 15 16 17 18 15 16 17 18 0
5-17  19 20 21 22 19 20 21 22 19 20 21 22 9 9 9 9 19 20 21 22 19 20 21 22 19 20 21 22 19 20 21 22 19 20 21 22 19 20 21 22 19 20 21 22 19 20 21 22 19 20 21 22 19 20 21 22 19 20 21 22 19 20 21 22 0
5-18  23 24 25 26 23 24 25 26 23 24 25 26 9 9 9 9 23 24 25 26 23 24 25 26 23 24 25 26 23 24 25 26 23 24 25 26 23 24 25 26 23 24 25 26 23 24 25 26 23 24 25 26 23 24 25 26 23 24 25 26 23 24 25 26 0
5-19  27 28 29 30 27 28 29 30 27 28 29 30 9 9 9 9 27 28 29 30 27 28 29 30 27 28 29 30 27 28 29 30 27 28 29 30 27 28 29 30 27 28 29 30 27 28 29 30 27 28 29 30 27 28 29 30 27 28 29 30 27 28 29 30 0
5-20  11 12 13 14 11 12 13 14 11 12 13 14 9 9 9 9 11 12 13 14 11 12 13 14 11 12 13 14 11 12 13 14 11 12 13 14 11 12 13 14 11 12 13 14 11 12 13 14 11 12 13 14 11 12 13 14 11 12 13 14 11 12 13 14 0
5-21  15 16 17 18 15 16 17 18 15 16 17 18 9 9 9 9 15 16 17 18 15 16 17 18 15 16 17 18 15 16 17 18 15 16 17 18 15 16 17 18 15 16 17 18 15 16 17 18 15 16 17 18 15 16 17 18 15 16 17 18 15 16 17 18 0
5-22  19 20 21 22 19 20 21 22 19 20 21 22 9 9 9 9 19 20 21 22 19 20 21 22 19 20 21 22 19 20 21 22 19 20 21 22 19 20 21 22 19 20 21 22 19 20 21 22 19 20 21 22 19 20 21 22 19 20 21 22 19 20 21 22 0
5-23  23 24 25 26 23 24 25 26 23 24 25 26 9 9 9 9 23 24 25 26 23 24 25 26 23 24 25 26 23 24 25 26 23 24 25 26 23 24 25 26 23 24 25 26 23 24 25 26 23 24 25 26 23 24 25 26 23 24 25 26 23 24 25 26 0
5-24  27 28 29 30 27 28 29 30 27 28 29 30 9 9 9 9 27 28 29 30 27 28 29 30 27 28 29 30 27 28 29 30 27 28 29 30 27 28 29 30 27 28 29 30 27 28 29 30 27 28 29 30 27 28 29 30 27 28 29 30 27 28 29 30 0
5-25  11 12 13 14 11 12 13 14 11 12 13 14 9 9 9 9 11 12 13 14 11 12 13 14 11 12 13 14 11 12 13 14 11 12 13 14 11 12 13 14 11 12 13 14 11 12 13 14 11 12 13 14 11 12 13 14 11 12 13 14 11 12 13 14 0
5-26  15 16 17 18 15 16 17 18 15 16 17 18 9 9 9 9 15 16 17 18 15 16 17 18 15 16 17 18 15 16 17 18 15 16 17 18 15 16 17 18 15 16 17 18 15 16 17 18 15 16 17 18 15 16 17 18 15 16 17 18 15 16 17 18 0
5-27  19 20 21 22 19 20 21 22 19 20 21 22 9 9 9 9 19 20 21 22 19 20 21 22 19 20 21 22 19 20 21 22 19 20 21 22 19 20 21 22 19 20 21 22 19 20 21 22 19 20 21 22 19 20 21 22 19 20 21 22 19 20 21 22 0
5-28  23 24 25 26 23 24 25 26 23 24 25 26 9 9 9 9 23 24 25 26 23 24 25 26 23 24 25 26 23 24 25 26 23 24 25 26 23 24 25 26 23 24 25 26 23 24 25 26 23 24 25 26 23 24 25 26 23 24 25 26 23 24 25 26 0
5-29  27 28 29 30 27 28 29 30 27 28 29 30 9 9 9 9 27 28 29 30 27 28 29 30 27 28 29 30 27 28 29 30 27 28 29 30 27 28 29 30 27 28 29 30 27 28 29 30 27 28 29 30 27 28 29 30 27 28 29 30 27 28 29 30 0
5-30  11 12 13 14 11 12 13 14 11 12 13 14 9 9 9 9 11 12 13 14 11 12 13 14 11 12 13 14 11 12 13 14 11 12 13 14 11 12 13 14 11 12 13 14 11 12 13 14 11 12 13 14 11 12 13 14 11 12 13 14 11 12 13 14 0
5-31  15 16 17 18 15 16 17 18 15 16 17 18 9 9 9 9 15 16 17 18 15 16 17 18 15 16 17 18 15 16 17 18 15 16 17 18 15 16 17 18 15 16 17 18 15 16 17 18 15 16 17 18 15 16 17 18 15 16 17 18 15 16 17 18 0
