1-0  11 12 13 14 11 12 13 14 11 12 13 14 9 9 9 9 11 12 13 14 11 12 13 14 11 12 13 14 11 12 13 14 11 12 13 14 11 12 13 14 11 12 13 14 11 12 13 14 11 12 13 14 11 12 13 14 11 12 13 14 11 12 13 14 0
1-1  15 16 17 18 15 16 17 18 15 16 17 18 9 9 9 9 15 16 17 18 15 16 17 18 15 16 17 18 15 16 17 18 15 16 17 18 15 16 17 18 15 16 17 18 15 16 17 18 15 16 17 18 15 16 17 18 15 16 17 18 15 16 17 18 0
1-2  19 20 21 22 19 20 21 22 19 20 21 22 9 9 9 9 19 20 21 22 19 20 21 22 19 20 21 22 19 20 21 22 19 20 21 22 19 20 21 22 19 20 21 22 19 20 21 22 19 20 21 22 19 20 21 22 19 20 21 22 19 20 21 22 0
1-3  23 24 25 26 23 24 25 26 23 24 25 26 9 9 9 9 23 24 25 26 23 24 25 26 23 24 25 26 23 24 25 26 23 24 25 26 23 24 25 26 23 24 25 26 23 24 25 26 23 24 25 26 23 24 25 26 23 24 25 26 23 24 25 26 0
1-4  27 28 29 30 27 28 29 30 27 28 29 30 9 9 9 9 27 28 29 30 27 28 29 30 27 28 29 30 27 28 29 30 27 28 29 30 27 28 29 30 27 28 29 30 27 28 29 30 27 28 29 30 27 28 29 30 27 28 29 30 27 28 29 30 0
1-5  11 12 13 14 11 12 13 14 11 12 13 14 9 9 9 9 11 12 13 14 11 12 13 14 11 12 13 14 11 12 13 14 11 12 13 14 11 12 13 14 11 12 13 14 11 12 13 14 11 12 13 14 11 12 13 14 11 12 13 14 11 12 13 14 0
1-6  15 16 17 18 15 16 17 18 15 16 17 18 9 9 9 9 15 16 17 18 15 16 17 18 15 16 17 18 15 16 17 18 15 16 17 18 15 16 17 18 15 16 17 18 15 16 17 18 15 16 17 18 15 16 17 18 15 16 17 18 15 16 17 18 0
1-7  19 20 21 22 19 20 21 22 19 20 21 22 9 9 9 9 19 20 21 22 19 20 21 22 19 20 21 22 19 20 21 22 19 20 21 22 19 20 21 22 19 20 21 22 19 20 21 22 19 20 21 22 19 20 21 22 19 20 21 22 19 20 21 22 0
1-8  23 24 25 26 23 24 25 26 23 24 25 26 9 9 9 9 23 24 25 26 23 24 25 26 23 24 25 26 23 24 25 26 23 24 25 26 23 24 25 26 23 24 25 26 23 24 25 26 23 24 25 26 23 24 25 26 23 24 25 26 23 24 25 26 0
1-9  27 28 29 30 27 28 29 30 27 28 29 30 9 9 9 9 27 28 29 30 27 28 29 30 27 28 29 30 27 28 29 30 27 28 29 30 27 28 29 30 27 28 29 30 27 28 29 30 27 28 29 30 27 28 29 30 27 28 29 30 27 28 29 30 0
1-10  11 12 13 14 11 12 13 14 11 12 13 14 9 9 9 9 11 12 13 14 11 12 13 14 11 12 13 14 11 12 13 14 11 12 13 14 11 12 13 14 11 12 13 14 11 12 13 14 11 12 13 14 11 12 13 14 11 12 13 14 11 12 13 14 0
1-11  15 16 17 18 15 16 17 18 15 16 17 18 9 9 9 9 15 16 17 18 15 16 17 18 15 16 17 18 15 16 17 18 15 16 17 18 15 16 17 18 15 16 17 18 15 16 17 18 15 16 17 18 15 16 17 18 15 16 17 18 15 16 17 18 0
1-12  19 20 21 22 19 20 21 22 19 20 21 22 9 9 9 9 19 20 21 22 19 20 21 22 19 20 21 22 19 20 21 22 19 20 21 22 19 20 21 22 19 20 21 22 19 20 21 22 19 20 21 22 19 20 21 22 19 20 21 22 19 20 21 22 0
1-13  23 24 25 26 23 24 25 26 23 24 25 26 9 9 9 9 23 24 25 26 23 24 25 26 23 24 25 26 23 24 25 26 23 24 25 26 23 24 25 26 23 24 25 26 23 24 25 26 23 24 25 26 23 24 25 26 23 24 25 26 23 24 25 26 0
1-14  27 28 29 30 27 28 29 30 27 28 29 30 9 9 9 9 27 28 29 30 27 28 29 30 27 28 29 30 27 28 29 30 27 28 29 30 27 28 29 30 27 28 29 30 27 28 29 30 27 28 29 30 27 28 29 30 27 28 29 30 27 28 29 30 0
1-15  9 9 9 9 9 9 9 9 9 9 9 9 9 9 9 9 9 9 9 9 9 9 9 9 9 9 11 12 13 14 11 12 13 14 11 12 13 14 11 12 13 14 11 12 13 14 11 12 13 14 11 12 13 14 11 12 13 14 0
1-16  9 9 9 9 9 9 9 9 9 9 9 9 9 9 9 9 9 9 9 9 9 9 9 9 9 9 15 16 17 18 15 16 17 18 15 16 17 18 15 16 17 18 15 16 17 18 15 16 17 18 15 16 17 18 15 16 17 18 0
1-17  9 9 9 9 9 9 9 9 9 9 9 9 9 9 9 9 9 9 9 9 9 9 9 9 9 9 19 20 21 22 19 20 21 22 19 20 21 22 19 20 21 22 19 20 21 22 19 20 21 22 19 20 21 22 19 20 21 22 0
1-18  9 9 9 9 9 9 9 9 9 9 9 9 9 9 9 9 9 9 9 9 9 9 9 9 9 9 23 24 25 26 23 24 25 26 23 24 25 26 23 24 25 26 23 24 25 26 23 24 25 26 23 24 25 26 23 24 25 26 0
1-19  9 9 9 9 9 9 9 9 9 9 9 9 9 9 9 9 9 9 9 9 9 9 9 9 9 9 27 28 29 30 27 28 29 30 27 28 29 30 27 28 29 30 27 28 29 30 27 28 29 30 27 28 29 30 27 28 29 30 0
1-20  11 12 13 14 11 12 13 14 11 12 13 14 11 12 13 14 11 12 13 14 11 12 13 14 11 12 13 14 11 12 13 14 11 12 13 14 11 12 13 14 11 12 13 14 11 12 13 14 11 12 13 14 11 12 13 14 11 12 13 14 11 12 13 14 0
1-21  15 16 17 18 15 16 17 18 15 16 17 18 15 16 17 18 15 16 17 18 15 16 17 18 15 16 17 18 15 16 17 18 15 16 17 18 15 16 17 18 15 16 17 18 15 16 17 18 15 16 17 18 15 16 17 18 15 16 17 18 15 16 17 18 0
1-22  19 20 21 22 19 20 21 22 19 20 21 22 19 20 21 22 19 20 21 22 19 20 21 22 19 20 21 22 19 20 21 22 19 20 21 22 19 20 21 22 19 20 21 22 19 20 21 22 19 20 21 22 19 20 21 22 19 20 21 22 19 20 21 22 0
1-23  23 24 25 26 23 24 25 26 23 24 25 26 23 24 25 26 23 24 25 26 23 24 25 26 23 24 25 26 23 24 25 26 23 24 25 26 23 24 25 26 23 24 25 26 23 24 25 26 23 24 25 26 23 24 25 26 23 24 25 26 23 24 25 26 0
1-24  27 28 29 30 27 28 29 30 27 28 29 30 27 28 29 30 27 28 29 30 27 28 29 30 27 28 29 30 27 28 29 30 27 28 29 30 27 28 29 30 27 28 29 30 27 28 29 30 27 28 29 30 27 28 29 30 27 28 29 30 27 28 29 30 0
1-25  11 12 13 14 11 12 13 14 11 12 13 14 11 12 13 14 11 12 13 14 11 12 13 14 11 12 13 14 11 12 13 14 11 12 13 14 11 12 13 14 11 12 13 14 11 12 13 14 11 12 13 14 11 12 13 14 11 12 13 14 11 12 13 14 0
1-26  15 16 17 18 15 16 17 18 15 16 17 18 15 16 17 18 15 16 17 18 15 16 17 18 15 16 17 18 15 16 17 18 15 16 17 18 15 16 17 18 15 16 17 18 15 16 17 18 15 16 17 18 15 16 17 18 15 16 17 18 15 16 17 18 0
1-27  19 20 21 22 19 20 21 22 19 20 21 22 19 20 21 22 19 20 21 22 19 20 21 22 19 20 21 22 19 20 21 22 19 20 21 22 19 20 21 22 19 20 21 22 19 20 21 22 19 20 21 22 19 20 21 22 19 20 21 22 19 20 21 22 0
1-28  23 24 25 26 23 24 25 26 23 24 25 26 23 24 25 26 23 24 25 26 23 24 25 26 23 24 25 26 23 24 25 26 23 24 25 26 23 24 25 26 23 24 25 26 23 24 25 26 23 24 25 26 23 24 25 26 23 24 25 26 23 24 25 26 0
1-29  27 28 29 30 27 28 29 30 27 28 29 30 27 28 29 30 27 28 29 30 27 28 29 30 27 28 29 30 27 28 29 30 27 28 29 30 27 28 29 30 27 28 29 30 27 28 29 30 27 28 29 30 27 28 29 30 27 28 29 30 27 28 29 30 0
1-30  11 12 13 14 11 12 13 14 11 12 13 14 11 12 13 14 11 12 13 14 11 12 13 14 11 12 13 14 11 12 13 14 11 12 13 14 11 12 13 14 11 12 13 14 11 12 13 14 11 12 13 14 11 12 13 14 11 12 13 14 11 12 13 14 0
1-31  15 16 17 18 15 16 17 18 15 16 17 18 15 16 17 18 15 16 17 18 15 16 17 18 15 16 17 18 15 16 17 18 15 16 17 18 15 16 17 18 15 16 17 18 15 16 17 18 15 16 17 18 15 16 17 18 15 16 17 18 15 16 17 18 0
