0-0  11 12 13 14 11 12 13 14 11 12 13 14 11 12 13 14 11 12 13 14 11 12 13 14 11 12 13 14 11 12 13 14 11 12 13 14 11 12 13 14 11 12 13 14 11 12 13 14 11 12 13 14 11 12 13 14 11 12 13 14 11 12 13 14 0
0-1  15 16 17 18 15 16 17 18 15 16 17 18 15 16 17 18 15 16 17 18 15 16 17 18 15 16 17 18 15 16 17 18 15 16 17 18 15 16 17 18 15 16 17 18 15 16 17 18 15 16 17 18 15 16 17 18 15 16 17 18 15 16 17 18 0
0-2  19 20 21 22 19 20 21 22 19 20 21 22 19 20 21 22 19 20 21 22 19 20 21 22 19 20 21 22 19 20 21 22 19 20 21 22 19 20 21 22 19 20 21 22 19 20 21 22 19 20 21 22 19 20 21 22 19 20 21 22 19 20 21 22 0
0-3  23 24 25 26 23 24 25 26 23 24 25 26 23 24 25 26 23 24 25 26 23 24 25 26 23 24 25 26 23 24 25 26 23 24 25 26 23 24 25 26 23 24 25 26 23 24 25 26 23 24 25 26 23 24 25 26 23 24 25 26 23 24 25 26 0
0-4  27 28 29 30 27 28 29 30 27 28 29 30 27 28 29 30 27 28 29 30 27 28 29 30 27 28 29 30 27 28 29 30 27 28 29 30 27 28 29 30 27 28 29 30 27 28 29 30 27 28 29 30 27 28 29 30 27 28 29 30 27 28 29 30 0
0-5  11 12 13 14 11 12 13 14 11 12 13 14 11 12 13 14 11 12 13 14 11 12 13 14 11 12 13 14 11 12 13 14 11 12 13 14 11 12 13 14 11 12 13 14 11 12 13 14 11 12 13 14 11 12 13 14 11 12 13 14 11 12 13 14 0
0-6  15 16 17 18 15 16 17 18 15 16 17 18 15 16 17 18 15 16 17 18 15 16 17 18 15 16 17 18 15 16 17 18 15 16 17 18 15 16 17 18 15 16 17 18 15 16 17 18 15 16 17 18 15 16 17 18 15 16 17 18 15 16 17 18 0
0-7  19 20 21 22 19 20 21 22 19 20 21 22 19 20 21 22 19 20 21 22 19 20 21 22 19 20 21 22 19 20 21 22 19 20 21 22 19 20 21 22 19 20 21 22 19 20 21 22 19 20 21 22 19 20 21 22 19 20 21 22 19 20 21 22 0
0-8  23 24 25 26 23 24 25 26 23 24 25 26 23 24 25 26 23 24 25 26 23 24 25 26 23 24 25 26 23 24 25 26 23 24 25 26 23 24 25 26 23 24 25 26 23 24 25 26 23 24 25 26 23 24 25 26 23 24 25 26 23 24 25 26 0
0-9  27 28 29 30 27 28 29 30 27 28 29 30 27 28 29 30 27 28 29 30 27 28 29 30 27 28 29 30 27 28 29 30 27 28 29 30 27 28 29 30 27 28 29 30 27 28 29 30 27 28 29 30 27 28 29 30 27 28 29 30 27 28 29 30 0
0-10  11 12 13 14 11 12 13 14 11 12 13 14 11 12 13 14 11 12 13 14 11 12 13 14 11 12 13 14 11 12 13 14 11 12 13 14 11 12 13 14 11 12 13 14 11 12 13 14 11 12 13 14 11 12 13 14 11 12 13 14 11 12 13 14 0
0-11  15 16 17 18 15 16 17 18 15 16 17 18 15 16 17 18 15 16 17 18 15 16 17 18 15 16 17 18 15 16 17 18 15 16 17 18 15 16 17 18 15 16 17 18 15 16 17 18 15 16 17 18 15 16 17 18 15 16 17 18 15 16 17 18 0
0-12  19 20 21 22 19 20 21 22 19 20 21 22 19 20 21 22 19 20 21 22 19 20 21 22 19 20 21 22 19 20 21 22 19 20 21 22 19 20 21 22 19 20 21 22 19 20 21 22 19 20 21 22 19 20 21 22 19 20 21 22 19 20 21 22 0
0-13  23 24 25 26 23 24 25 26 23 24 25 26 23 24 25 26 23 24 25 26 23 24 25 26 23 24 25 26 23 24 25 26 23 24 25 26 23 24 25 26 23 24 25 26 23 24 25 26 23 24 25 26 23 24 25 26 23 24 25 26 23 24 25 26 0
0-14  27 28 29 30 27 28 29 30 27 28 29 30 27 28 29 30 27 28 29 30 27 28 29 30 27 28 29 30 27 28 29 30 27 28 29 30 27 28 29 30 27 28 29 30 27 28 29 30 27 28 29 30 27 28 29 30 27 28 29 30 27 28 29 30 0
0-15  9 9 9 9 9 9 9 9 9 9 9 9 9 9 9 9 9 9 9 9 9 9 9 9 9 9 9 9 9 9 9 9 11 12 13 14 11 12 13 14 11 12 13 14 11 12 13 14 11 12 13 14 11 12 13 14 11 12 13 14 11 12 13 14 0
0-16  9 9 9 9 9 9 9 9 9 9 9 9 9 9 9 9 9 9 9 9 9 9 9 9 9 9 9 9 9 9 9 9 15 16 17 18 15 16 17 18 15 16 17 18 15 16 17 18 15 16 17 18 15 16 17 18 15 16 17 18 15 16 17 18 0
0-17  9 9 9 9 9 9 9 9 9 9 9 9 9 9 9 9 9 9 9 9 9 9 9 9 9 9 9 9 9 9 9 9 19 20 21 22 19 20 21 22 19 20 21 22 19 20 21 22 19 20 21 22 19 20 21 22 19 20 21 22 19 20 21 22 0
0-18  9 9 9 9 9 9 9 9 9 9 9 9 9 9 9 9 9 9 9 9 9 9 9 9 9 9 9 9 9 9 9 9 23 24 25 26 23 24 25 26 23 24 25 26 23 24 25 26 23 24 25 26 23 24 25 26 23 24 25 26 23 24 25 26 0
0-19  9 9 9 9 9 9 9 9 9 9 9 9 9 9 9 9 9 9 9 9 9 9 9 9 9 9 9 9 9 9 9 9 9 9 9 9 9 9 9 9 9 9 9 9 9 9 9 9 9 9 9 9 9 9 9 9 9 9 9 9 9 9 9 9 9 9
0-20  9 9 9 9 9 9 9 9 9 9 9 9 9 9 9 9 9 9 9 9 9 9 9 9 9 9 9 9 9 9 9 9 9 9 9 9 9 9 9 9 9 9 9 9 9 9 9 9 9 9 9 9 9 9 9 9 9 9 9 9 9 9 9 9 9 9
0-21  9 9 9 9 9 9 9 9 9 9 9 9 9 9 9 9 9 9 9 9 9 9 9 9 9 9 9 9 9 9 9 9 9 9 9 9 9 9 9 9 9 9 9 9 9 9 9 9 9 9 9 9 9 9 9 9 9 9 9 9 9 9 9 9 9 9
0-22  9 9 9 9 9 9 9 9 9 9 9 9 9 9 9 9 9 9 9 9 9 9 9 9 9 9 9 9 9 9 9 9 9 9 9 9 9 9 9 9 9 9 9 9 9 9 9 9 9 9 9 9 9 9 9 9 9 9 9 9 9 9 9 9 9 9
0-23  9 9 9 9 9 9 9 9 9 9 9 9 9 9 9 9 9 9 9 9 9 9 9 9 9 9 9 9 9 9 9 9 9 9 9 9 9 9 9 9 9 9 9 9 9 9 9 9 9 9 9 9 9 9 9 9 9 9 9 9 9 9 9 9 9 9
0-24  9 9 9 9 9 9 9 9 9 9 9 9 9 9 9 9 9 9 9 9 9 9 9 9 9 9 9 9 9 9 9 9 9 9 9 9 9 9 9 9 9 9 9 9 9 9 9 9 9 9 9 9 9 9 9 9 9 9 9 9 9 9 9 9 9 9
0-25  11 12 13 14 11 12 13 14 11 12 13 14 11 12 13 14 11 12 13 14 11 12 13 14 11 12 13 14 11 12 13 14 11 12 13 14 11 12 13 14 11 12 13 14 11 12 13 14 11 12 13 14 11 12 13 14 0
0-26  15 16 17 18 15 16 17 18 15 16 17 18 15 16 17 18 15 16 17 18 15 16 17 18 15 16 17 18 15 16 17 18 15 16 17 18 15 16 17 18 15 16 17 18 15 16 17 18 15 16 17 18 15 16 17 18 15 16 17 18 15 16 17 18 15 16 17 18 0
0-27  19 20 21 22 19 20 21 22 19 20 21 22 19 20 21 22 19 20 21 22 19 20 21 22 19 20 21 22 19 20 21 22 19 20 21 22 19 20 21 22 19 20 21 22 19 20 21 22 19 20 21 22 19 20 21 22 19 20 21 22 19 20 21 22 0
0-28  23 24 25 26 23 24 25 26 23 24 25 26 23 24 25 26 23 24 25 26 23 24 25 26 23 24 25 26 23 24 25 26 23 24 25 26 23 24 25 26 23 24 25 26 23 24 25 26 23 24 25 26 23 24 25 26 23 24 25 26 23 24 25 26 0
0-29  27 28 29 30 27 28 29 30 27 28 29 30 27 28 29 30 27 28 29 30 27 28 29 30 27 28 29 30 27 28 29 30 27 28 29 30 27 28 29 30 27 28 29 30 27 28 29 30 27 28 29 30 27 28 29 30 27 28 29 30 27 28 29 30 0
0-30  0 0 0 0 0 0 0 0 0 0 0 0 0 0 0 0 0 0 0 0 0 0 0 0 0 0 0 0 0 0 0 0 11 12 13 14 11 12 13 14 11 12 13 14 11 12 13 14 11 12 13 14 11 12 13 14 11 12 13 14 11 12 13 14 0
0-31  0 0 0 0 0 0 0 0 0 0 0 0 0 0 0 0 0 0 0 0 0 0 0 0 0 0 0 0 0 0 0 0 0 0 0 0 15 16 17 18 15 16 17 18 15 16 17 18 15 16 17 18 15 16 17 18 15 16 17 18 15 16 17 18 15 16 17 18 0
